11.515017408108024
11.761716837281172
12.525033591739444
14.275132251379633
11.758748084658437
10.679720900725322
9.919798903891415
11.581110238292263
21.130596622974092
13.93692491724913
13.40445280678737
12.1874189461969
11.04588574950807
11.934743468104285
13.788453101637929
10.370852382641024
14.308648713295838
6.236240816630729
0.0
0.791542694525246
5.015367510144095
4.319569109195326
16.319489629888952
12.170203584857257
18.34691197640853
30.507060626313358
2.646731903274421
7.102035832680738
13.59184598759756
4.971869043455212
7.44238081410434
8.195691674966538
5.185428092384829
5.844561653950665
3.35716774252224
0.893630369880301
0.0
0.3335852420195959
5.107134591224857
5.602704657225175
5.200102705931664
2.9110843254389556
4.183017718940744
4.025620566335674
5.004503725602291
5.782771688142558
7.561745332725421
5.553267787554649
3.17475178876418
2.4458955082678897
3.4381430742194943
7.857197582892352
7.907170909345779
7.614110175110351
5.546010812552399
1.1649537880292191
0.2223901606390732
0.3387811315557878
0.0
0.5624641305832792
44.975192061226174
13.33410601384405
9.769022335480813
6.349503826938373
4.128305306992212
2.892326919571192
6.946528974181221
3.81502849282582
0.0
0.7439296207332533
1.667037368688095
0.2223901606390732
0.77836556117577
0.0851890769520703
0.0
0.6671704812098955
4.260542179483651
4.11509983703626
6.026250101460805
11.715170588335683
7.121072588160931
6.45437630582469
3.6940763670190857
6.559611176611504
4.922207954898954
8.242315221737456
12.558588717282401
14.010839091090773
15.822489835540985
10.065991375040618
11.371259280451305
12.623815653813642
13.570078651047547
15.573137167338698
13.320762933871983
15.983060587584756
16.971065112616753
16.235375684114324
11.817422080216256
11.572129577322986
9.803319477542194
11.700628375689094
17.950389135102537
14.491660498783473
14.693562688171351
15.542502203509574
16.409701054741646
12.457571715641276
14.394178301799979
11.66549864476451
14.04782125509926
13.049921605521337
11.966289447716589
12.250428252597137
12.022526823281886
17.922662776574832
20.41989449418599
20.166828940483565
18.163989696693925
16.142076434437815
16.70099985699675
16.76604383917961
15.906599593495958
18.124798078291647
20.667451327523302
19.957011547342624
18.34718823893072
19.506809135125
14.557557578444717
14.570352720983461
14.71170295211077
11.77930032497105
4.436349495147302
8.14513199426821
6.0593757429378385
1.4414121183948123
1.5332262634562186
0.14007187671659893
0.23814526751087256
0.23814526661847804
0.0
0.14007187292355472
1.7713021082047569
1.7713020640488168
0.0
0.08518085051142056
2.0398563883564624
2.516073592782224
1.699347572229506
1.4615059051808565
1.0328669540319446
0.0
0.7144358500613863
2.9110806289388864
3.3887231604308887
2.433961395020786
7.921326151479788
2.3523296788455355
1.6670164557304636
3.118119652393628
23.54162530920406
11.852829294338251
5.652935751160965
2.89608710013989
5.850512010459683
5.464498434676582
1.325628158359661
7.334229286874446
7.00580790733744
0.0
0.8496726343508597
651.0497477271166
55.33740928054729
10.188491859853093
543.8841908845334
11.764638137155467
1.811453105876897
0.0
0.5559754012440209
9.646353913161208
3.3238727526844505
4.598185857285294
4.568970039583072
0.0
0.2223901606390732
2.9117127928711843
29.144223869662106
1.1907245870198162
0.905726564405047
0.0
0.08517991333332568
1.2237797418228993
0.1400712889573013
0.22239016134639725
0.0
0.14007128707567237
0.14007128763929272
0.1111950792585505
0.14007128915652398
0.22239015993174913
0.0
0.688577473376246
1.8979774628841175
1.9377013807165853
1.2951743565321256
1.1629809582567336
0.23814495070990957
0.11119507996587456
0.44478032057082234
0.7967907454279146
0.2381449569567066
0.0
0.3442887599902164
1.5590597907119867
3.8759848766066782
3.6200990756212224
1.2316177991257966
0.5602854585784326
0.95257985393828
0.9862601566022303
0.3745686334778668
0.11119507996587456
0.23814495606430708
0.7144348621779936
0.7967907400060206
0.8496723328534496
0.7003566475956887
0.5129621894958876
0.6118899528190538
0.5602852778288315
0.0
0.14007131666378964
1.9690967292344659
1.0151524617344179
0.14007131570595344
0.23814493687771368
0.14007131362721614
0.3745685773704036
0.23814493353998395
0.5129621464444398
0.6118899131181716
0.37456856246967707
0.8872674403588598
0.0
0.6520725331293834
1.3256274577866742
0.11119507996587456
0.08517991490841208
0.4762898357312757
0.0
0.35840515085449204
4.513386632229994
1.4455360438003138
3.6191481164972057
0.9945907600615256
0.35840547074220325
0.0
0.11119508067319862
6.703922457973422
3.2603625318832434
2.7529074995918155
0.7438781149897726
0.37456850964130983
0.6118898293625119
0.0
0.7491369977223908
3.4394880072782548
1.6670142241920098
0.0
0.7491369001339644
1.7922290303478503
0.749136889416403
0.0
0.4202136592380303
1.1907244122064822
2.9770172132770507
2.5800830803477344
3.1608244018973863
0.0
0.35840509371070844
1.0571669208557721
0.7144347597663421
0.344288734990619
0.34428873538030835
0.11119507996587456
0.0
0.23814492227029238
1.3771549350923424
6.969458627167357
5.400951173490634
5.343173773481056
1.2382947004114204
0.9862594643683703
0.5814903065758328
0.4762896795611454
0.0
0.9525793506244401
1.2951738505853054
2.119563908194562
2.3474709279863712
0.33358524060494776
0.11119508067319862
0.0
0.6725860693319846
2.4991086039427413
3.8091434008499134
2.3745627190604086
1.8467737738467964
0.4258977431721957
0.0
0.2801421193455372
1.0876124939145235
0.512961555615098
0.4762895822893532
0.611889420778797
0.0
0.4528632133399437
1.9075104128242952
3.438096152504337
2.1433033005870494
0.9255367460945088
0.0
0.6885773297003641
1.4435328633278877
0.33358524060494776
0.28014222746351586
0.0
0.45286323052116256
1.0043742269978526
2.2198841102882696
0.22239015993174913
0.0
0.0
0.08517963140206604
0.5814902628693457
0.22239015993174913
0.0
0.4528632290609159
1.3535304129655628
1.3771546555479612
0.6118895176808238
0.34428866400403013
0.4762896417312257
0.3745682896488503
0.23814482288228742
0.11119507996587456
0.4762896438650847
0.4528632312343108
0.5814902780140321
0.452863233753742
0.8496717977263406
0.34428867233724436
0.22239015993174913
0.47628966761087216
0.5129617383221303
0.4762896697447298
0.9255367829393321
0.714434496739971
0.0
0.37456832028711834
1.2349526993078739
1.355035776456174
0.8360510500456673
1.0328660488824508
1.4679491592753053
0.0
0.4804654979356059
1.334340963127115
1.6139397161063467
0.4528632443557724
0.9525793898900997
0.28014233235194674
0.08517972653857461
0.6118896355587465
0.11119507996587456
0.37456836666287546
0.9525793973783635
0.37456835481055606
0.23814484486330692
28.38249954211208
6.181777112054024
6.946516896706872
8.00785807690249
1.6679262037320628
7.785519685516955
4.26727496924557
5.252146087613775
6.505476209812345
2.985095350921185
3.7483734543242364
1.7339704449529434
3.6474956867420114
4.246822863646319
0.0
0.11119507996587456
2.195233843657061
0.6832290939464305
0.45286322840939075
0.8496717499242337
0.4762896417312257
0.34428866592391494
0.280142232015222
0.452863230224898
0.749136549645169
0.0
0.7144344397434488
1.7226427444517676
1.0876125794025961
1.0328659525875301
0.0
0.7144343909903571
1.016275984484048
0.0
0.23814479977698286
0.4762895971111314
0.0
0.23814479655643206
0.5814902298258321
0.0
0.9255366893452163
1.1629804376684179
0.0
0.33358524060494776
4.324181223894169
0.34428863437481116
0.8192392180226507
0.45286320489285137
0.0
0.8192392140292656
1.08761242308153
0.11119507996587456
0.6885772728429721
0.3442886366163342
0.0
0.7491363577231703
1.677834747302921
2.2174568916535438
0.5573662300643357
1.025922945130906
0.7491363259501161
0.0
0.47628954290646397
0.5129614808693901
0.11119507996587456
0.5814901925472388
0.23814477133729609
0.8192392051857339
0.0
0.8192391976822625
2.247408798857531
4.023819354476017
0.47628954201406143
0.14007103066519588
0.5624626151125915
0.0
0.11119507996587456
2.981033905111418
4.082214164739344
1.9292681188061576
0.0
0.47628959746018884
1.3506054379327035
0.0
0.4762895921057765
4.291481274683271
3.4947541780857083
1.2181027681549237
0.6118893560557064
0.6904487541754588
0.0
0.3407180415830596
2.06573180547207
6.215169800432027
0.9255367131107937
0.8192392934095053
0.0
0.11119507996587456
2.039852085328746
2.7543091610169603
2.3413027866906564
3.4638454277983084
7.0842727909269545
3.3340262142358674
4.597824092314249
1.2606388803350617
6.558639024397845
0.0
0.0
0.3442886315970709
5.064473256614122
6.812014944377147
9.422035026603709
3.1340913979058636
1.907510393772717
1.0876123797670523
0.4762895344110973
0.23814476732148462
0.5602840972257599
0.4528632028242529
0.0
0.9057264071954213
2.0884372169245324
1.9609947109019585
0.2223901606390732
0.0
0.28014211670528544
3.470511227909771
34.488377913895015
17.779053960357743
8.902129198563813
9.166501401304728
6.56106269334709
34.4344350536948
39.43018770789008
24.024765085929737
7.7218986423858995
2.348631248250249
3.3816749047863777
0.0
0.20343679681299628
9.15066537665056
6.486623932620093
1.7226429516665824
1.4001580852698343
0.20343709349430447
0.6118895551912718
0.7144344758857181
0.0
0.7915212009137752
8.28200925278071
5.773971798647063
2.658908911968254
2.2779571931098523
0.47628977314606963
0.14007123037869726
0.2223901606390732
0.9525795630158803
0.344288714311929
0.8496720698579056
0.2381448871351703
0.0
0.374568454038605
2.695607358638083
4.841819359857606
0.0
0.7144345662325866
1.3607386256806588
0.7144345434763562
0.0
0.8496718697611974
0.23814484317565104
0.37456834056361954
0.11119507996587456
0.08517970250874764
0.3442886785099946
0.37456833163462305
0.23814483805311373
0.7491366728281752
0.0
0.8496718617573255
1.1629806285016588
0.11119507996587456
0.47628970086159356
0.6118896402475499
0.14007117328322002
0.23814485299206503
0.34428868746048097
0.6520721148247339
0.4528632464243695
0.33358524060494776
0.11119507996587456
0.3745683588686302
0.512961805267604
0.0
0.28014233898239027
0.23814485153628062
0.11119507996587456
0.23814484864724164
0.0
0.714434549508835
0.14007116817213117
0.560284681755745
0.3745683700671258
0.0851797377659325
0.5814903234423939
0.2223901606390732
0.45286324578206805
0.37456835758487406
0.2223901606390732
0.0
0.9255368125511504
0.0
0.8496718557544213
3.4480997598581755
2.5702216086542853
0.22239015993174913
0.9862592724904132
0.5129616432399211
0.33358524060494776
0.0
0.0
1.284778122277736
0.47628962500746325
0.7491365292196509
0.0
0.8192393102478128
1.032865965069155
0.14007108831806017
0.5129616088968186
0.7491365009759875
0.3745682554573121
0.14007109686209257
0.47628962054545404
0.33358524060494776
0.0
0.42021330743890756
0.47628962054545404
0.6118894933316568
0.14007110121668903
0.7491365321190859
0.0
0.23814481395827006
1.5567311230588643
3.6795398197926734
0.0
0.08517957277017743
1.0876125354373047
1.2237789172363331
0.14007108868033188
0.0
0.08517959305760316
2.1907728913931144
0.7830124557824601
0.11119508067319862
0.14007106839687875
0.3745682146062637
0.14007107067273336
0.0
0.2223901606390732
2.896087024116171
2.4100206034929297
0.0
0.37456827247857827
1.0571665647677004
1.0819767467323747
0.11119507996587456
0.0
0.7967905848619895
4.711103584209956
3.514840118151562
1.0328659289585447
4.14384349420329
7.818403521130005
3.5674066741310937
4.872330201808332
1.6362388340167644
5.343174206622567
1.0259239369687088
0.8192395302018978
0.11119507996587456
0.2223901606390732
0.8192395362193962
0.23814489671970618
0.11119507996587456
0.6118897990089921
0.6520723912013703
0.0
0.6885774394261605
1.1409360449624362
1.1409360363764216
0.0
0.8936295314955203
1.5590597786482616
4.239291845006414
10.151632139143523
0.0
0.42021337627600613
1.8763783252157253
2.1143331685623687
0.0
1.0709067531684717
2.10979148571741
0.2381448156283872
0.47628963482388303
0.11119507996587456
0.0
0.8192393289214982
8.185291298734269
7.388142209131968
1.5981016621785158
0.9469990088313135
1.1629802878777113
0.8192391269728065
0.0
0.37456807730125197
2.118559906597758
0.44017349607615563
0.0
0.8192391368029822
4.793512716648186
4.677179284437054
3.795954787149868
0.0
0.5814902343621979
2.7811817154545326
1.1502348524935293
3.229154248822294
1.3157512146461356
0.0
0.6118895395619194
6.232165654434305
1.3709248766636386
1.5935811313861872
1.3585896766146628
2.9023435183382076
0.952579212534046
0.6885773067120637
0.33358524060494776
0.3442886538189884
0.581490243037644
0.1400710873623316
0.0
0.7830124604456865
0.2801421844194106
0.338758718272381
0.47628960949007376
0.11119508067319862
0.581490244595534
0.0
0.0
0.08517960645233319
5.360497163264168
0.0
0.6885772795519447
1.2951736065062245
1.5636804503756705
0.7144343460412325
0.0
0.2381447815999239
1.0328659183287432
1.750534708013383
0.798221332768946
0.7144343568472026
0.0
0.6885772851074243
1.920777145715459
4.240761039753099
5.269385372725346
2.843103524747478
0.6118893129361574
0.2381447567298414
0.0
0.0
0.6885772400463019
3.4480997546175813
2.1754398293710215
2.4577173662300797
2.46990523092352
4.470069204917308
1.986703600124331
1.15023316417865
2.287407726612141
1.876377924959373
1.4555399808540215
0.0
0.3442886288193304
1.7811591980488297
1.6908380409078865
1.164918085977198
4.219562906991279
3.3352614971761376
1.6873878243042284
2.7766097951666064
5.129614559555112
2.6843522350055116
1.8955054395400122
0.2223901606390732
0.3442886372206102
0.0
0.9057264205792102
1.3771545666473133
0.0
0.9525791488269393
1.2237787953273052
0.0
0.8192392320349386
1.2237787421874593
3.8236093061651624
1.0162753916361418
0.714434289256488
0.8192391900100943
0.11119507996587456
0.0
0.3745681444006615
0.1400710238354993
0.6885772517745415
0.8152486124230928
0.0
0.11119507996587456
3.1134622468250526
0.238144773122101
0.7144343220435103
0.23814477490690594
0.37456816694669015
0.11119507996587456
0.3442886319057087
0.0
0.3745681646771862
2.034368413432579
0.3442886349920868
0.47628955159861674
0.14007104032799844
0.9525791064553715
0.0
0.6118893863941943
4.563242809449035
1.1649182468841768
0.7144344050369184
0.5624626297918423
0.37456823389703825
0.0
0.11119508067319862
2.9046318956355943
2.9110799969236294
2.7748862697452683
1.5174115091877747
2.2198837800929136
6.668011244855577
7.13529732410114
6.611323259568978
4.214921326542737
2.521275581916007
0.0
0.6065342802038154
2.3024460786761396
1.5690960902607014
0.9525787091040758
0.0
0.8872657467728149
1.0876118472977099
1.2968981624889486
3.0391139589241343
3.584814587917734
2.6260729345531333
0.0
0.1400709123184502
2.3077301125895167
2.3814471081294544
0.0
0.8947832447707794
1.4615014546136706
0.0
0.0
1.2237783601879995
0.7982197800367701
4.02381904265178
0.849671371519654
0.11119508067319862
0.0
0.14007096825919665
1.1502328047109869
0.0
0.6725860391562879
1.1119508024880418
2.570221525503893
0.22239015993174913
0.0
0.1400709434218639
1.1907235779452927
0.23814471356297576
0.0
0.0
5.773963559347664
3.3378157997370708
0.0
0.8137467387116679
1.9207770494235865
0.0
0.6118892207228345
3.216669301308495
4.728541919558216
2.2258003506454638
0.8872659473739439
0.0
0.6118891104120082
5.867787328676468
3.399200225618835
1.337056961994075
1.0876120457927747
0.9862586505842021
0.7491360282891086
0.5814900960614025
0.5624625916299737
0.0
0.5129612211099842
1.1907235719127978
4.758607327891923
2.5635993427550208
2.281620446815693
2.9074507428152896
0.0
0.0851794218239877
3.6079082972252468
1.9218567739188168
1.057166320316624
0.8192391650002736
0.47628951089715804
0.2381447575050555
0.08517947047610687
0.0
0.6520715684177085
4.931294478559516
2.4132255985074984
0.2381447329639752
0.2223901606390732
0.0
0.4202129023365788
1.5103743655707216
2.4132254239890565
2.2643158741021763
3.5148390407810433
3.4047413852774833
0.0
0.6671704812098955
2.039851031115409
3.304516465930419
3.17466606495625
0.9945840248444113
0.0
0.819239066761527
0.0
0.34428859147413565
2.0291686769589203
0.0
0.2786827023697736
1.124925188089087
1.7082647401355855
1.4679489647560007
1.4540814876057682
1.5567898612515714
4.622341708861796
1.9218561767806928
1.7112439996202762
1.2390696933787546
1.960993786904259
2.09721264489219
0.9469990720377817
0.0851794421114738
0.47628949537724935
0.4762894918076378
0.0
0.4762894918076378
2.039851608369256
4.131463496667071
0.9369745551292104
3.0362338316511495
0.0
0.7967905094890835
1.5567311230588643
5.164329140925343
3.276956347459895
0.0
0.0
1.1152085496241888
0.0
0.5624625927634952
2.2255322665815167
0.2223901606390732
0.796790469104955
0.37456803319490156
0.0
0.0
2.003323136967047
0.9435482415469469
0.37456805574094704
0.7491361207089332
0.1400709697764354
0.4762894659279504
0.9057263671241153
0.5624625975430161
0.6885772013070368
0.0
0.9862587717929062
1.8017579873760157
0.7144342202124594
0.8496714137612047
0.2223901606390732
0.1400709910177742
0.34428861415383005
0.0
0.45286319273466735
2.9438248835724843
2.8540199545405973
1.6784151903225188
0.905726378161496
0.3745680784360048
0.8496713975322908
0.0
0.2223901606390732
4.829702886055964
4.732695369086987
2.324055212988221
6.053274567848929
3.2539693887138337
0.6775174480595716
0.2223901606390732
0.0
0.6103109719269775
1.6439926326891037
2.4577179839424774
2.155207207999542
0.1400711027318004
0.23814481172726548
0.0
0.3442886606770757
2.7850921795059342
1.5103765852860658
0.7144344919489463
0.0
0.3442886735717945
1.0876127512273785
5.887222039101165
1.7352558224418906
1.467949092217612
13.259823313824848
5.608230415650217
2.3469828244064934
0.5814902078972495
0.9525791160399258
0.0
0.5814901977185744
1.0043742159590865
2.16395117786032
2.7766098447643666
7.584764040453938
5.921307000558233
1.5511154842327923
0.085179451763758
0.0
0.6118892894920968
1.5830413546895803
2.4522164631879404
0.0
0.45286320441434336
2.153926119378659
2.933188411744527
1.1237043336756873
0.0
0.27868296002655946
0.8863002414070091
2.384154677776757
0.3745681171666071
0.0
0.4762895082199499
1.6362375719366011
1.5943551778962162
6.946293252387641
1.2107295075941262
0.0
0.4762894618149974
1.0221527880951173
0.9525789216108076
0.0
0.1400709619931298
2.669913208026189
2.5635992218875456
1.4240563759576532
0.2381447300724366
0.203436627965594
0.9862587553337978
0.23814472605662226
0.9862587613588246
0.1400709639045917
0.9525789140078375
0.562462597158279
0.7144341687820891
0.6885771912814996
0.0
0.6671704812098955
2.615163333978041
1.3709232166290402
0.0
0.33358524060494776
5.143917224577692
7.0406161379880015
1.3607379066348624
2.951917920580165
0.14007100411140916
0.11119507996587456
0.0
0.40687347310710903
5.601358663362082
3.399703656923598
2.990985698358843
6.340084479044324
3.558242568103199
2.225532266810861
4.84291654049641
1.2237781607745162
4.120247299826971
4.5884409649231195
6.421861580767975
0.5624625801058352
0.34428857056780215
0.0
0.08517926680728682
5.993087462935954
0.0
0.28014184132867453
5.262526320047985
1.55111419734912
1.0007557225221673
0.0
0.2381447149015809
1.1933200652242797
1.498272115311257
0.4762894420649361
0.1400709464563425
0.0
0.77836556117577
1.721442999722152
0.0
0.3442886020488906
0.9525789311953697
0.5129613143280453
0.0
0.8496713595138206
1.0876121599403776
0.0
0.5962556624301123
5.528536317699227
0.0
0.7491361945929765
2.051845383622317
0.47683082787015824
0.3442886090665041
0.5814901377257524
0.0
0.9862588065107938
2.4781392853053954
0.6103100003992787
0.0
0.33875828962763355
1.057166272768187
0.5129613132483564
0.11119508067319862
0.0
0.9255365456369491
1.190723632810552
2.2818714275349787
3.473258462370249
2.7049351043420606
2.1143322723480233
0.6725860299514855
0.23814470529947165
0.0
0.8192390317407872
4.097177386267421
2.0139269105209023
4.895112930036122
1.5590597520671263
1.6274920403641653
0.5110758850707882
0.1400709140349371
0.7144341077696456
0.45286317062595244
0.2381447057456734
0.14007092122477804
0.0
0.17035864188195082
2.933186686651852
2.911704132022798
0.476289375251861
0.0
0.9057263213782097
1.6670127764811697
2.5490133157437764
2.990985306438403
4.201468622074854
1.7973791769119447
2.6104223512673626
0.0
0.5624625549794191
2.4856033757029827
1.3585893718151125
0.0
0.6725860005656803
7.724569733935694
9.993516245454533
11.20869781835333
3.88353270719976
1.4961110836332445
3.570603456646732
6.871643397658214
2.5130036472004122
1.0371845201792327
0.4528632121667366
0.0
0.23814478540140482
2.114332868761958
2.958777065340377
1.3585896036935787
0.0
0.9862589465741074
5.1071124679999995
5.167189742238363
7.661803395784741
8.127458999046397
13.903889355981377
17.25962806265075
9.939697300523138
7.105036760141535
0.0
0.796790181491214
1.0571653503105127
6.6684838508114535
15.360824032029294
4.831234574574622
0.11119508067319862
0.2223901606390732
0.2223901606390732
0.0
0.2223901606390732
5.423068165602072
8.12283522924671
8.171161296282337
4.248355357958382
28.58681809065519
1.5660249056183912
0.37456819531548613
0.2223901606390732
0.0
0.6118893942088773
1.3256265394785955
2.4260289416998284
0.749136296720689
0.5814901772518908
0.6118893214086503
0.0
0.47628951947212456
1.6362375397499098
9.255365564184164
8.107358379070288
4.286604184429758
2.169979123321079
2.1062070958790584
1.5690951467724452
0.0
0.14007084272462206
3.6474940486902923
2.3812038322772064
1.174313571432809
1.6229588986285461
0.6520708116867224
0.5814899536213292
0.0
0.7144338742887477
8.565833636781397
5.967357684100954
3.501048162011592
14.82799263505725
8.230199263994656
4.060608786988806
2.0463223624603737
2.235032705852055
1.1907232276767439
0.0
0.8192388936778547
1.8209207168731518
0.14007081900812052
0.2223901606390732
0.11119507996587456
0.0
0.34428854394384173
3.773137498445243
6.672248542567191
2.2816170079671845
7.477691598410151
3.94482028733766
0.0
0.08517914113791418
0.0
0.4528631361428294
15.945035842438838
6.116322568865962
1.876377761910771
0.0
0.7915205330275503
2.173643937070256
7.232196139076764
9.127435120026687
6.54148246370583
5.465808576378242
4.252173697333689
21.865191192078377
13.289824396106466
12.597573327116384
7.846994507899079
1.7811592067401387
0.14007113459374124
0.0
0.7168084087519085
2.0303047198969386
0.0
0.887266728399068
4.396081276610519
6.265311935728316
2.2474090241683795
1.0752107030484397
0.5624626170845816
0.08517951256310963
0.0
0.08517951256310963
4.096195962388042
2.209970215688744
3.2609112550187556
1.7505323413721872
0.610309943987917
0.0
0.819239115790549
7.478879505750823
11.698061648721579
3.7819127894936084
1.7745312625840832
1.162980021961186
7.267586131036627
1.4679489295308232
1.1629801316042978
6.045304235832159
2.5737666819373612
5.305747308335904
0.9311563241794264
0.2223901606390732
0.8872661918452518
0.8496714155410376
0.0
25.344670880717256
7.071980513389746
4.842455814050942
2.8431038898808194
2.1143332444182255
3.939463873677248
0.4068740515705177
0.0
0.34428866091765414
1.087612621576202
0.0
0.23814481060299225
4.8520597138163
4.755540322653878
0.5814903080790556
0.140071152999789
0.0
0.20343715226911316
1.2237791923129622
5.061953781625202
9.452692264316475
7.4913634824266815
6.390907452442912
7.271194442549624
5.6117749658251
0.0
0.9804963581644794
6.161809077402718
3.0070966479372294
6.574660096378728
1.3585895935515933
2.3111576194159227
6.89937996589538
4.520578220194653
2.61959290472021
0.0
0.5814902590639346
3.3827823210538206
6.358691668150558
4.90793873805627
2.523454754797943
5.91405754651647
3.334026220482689
3.361703598523267
0.5814901486900521
0.14007098818253974
0.0
0.14007098818253974
0.0
0.4202129688979611
6.742226297320273
3.8745178852221613
0.3442886405475668
0.0
0.14007105873195186
2.9909860573852303
9.491191951483955
2.702452862418155
1.5069713340409288
1.197684085440448
0.8192390744417136
0.08517935820192617
0.3442885942518785
0.819239077943787
0.47628944551986746
0.8192390826092124
0.6520713389722361
0.37456802913680554
0.4528631781437121
0.0
0.7491360753188118
1.1907236091794093
3.002267166151854
2.509926241645826
4.337444593273516
1.4982724285030493
0.5814901575574787
0.5129613814450211
0.33358524060494776
0.1111950813805227
0.47628949126429637
0.140070988379651
0.3442886122339438
0.4762894901400213
0.20343670488343643
0.47628949537724935
0.0
0.7144342483231509
1.3256263778786443
5.145173776726679
4.599670597678743
2.219883941786582
3.2166714359528905
0.47628962477559195
0.6118895058351417
0.0
0.4202133292395887
1.1907240933077685
10.549790080814036
26.864648169201725
4.587874047285111
3.0515632903453715
6.192627275739368
4.292113387301435
0.0
0.5409893137210028
4.391643958241827
0.0
0.0
2.2088115745967922
10.624661748925162
1.1249253127266987
8.061542879077336
3.6200905298595063
2.8123133564428557
0.0
0.681439064982932
3.673390138727922
0.0
0.7168103062332307
10.804859410251563
12.981856964494385
11.489583121598436
10.123449697640543
4.344130647509089
4.944165541624679
3.153629057558537
8.319854566596206
1.6994717607359127
9.32158555812025
2.190388131505998
0.0
0.6103143315133742
7.325070352087343
1.6139405334737953
6.158099818868875
8.702132253097277
1.6994762420468457
1.566025113485783
1.4006636936284995
1.1629815699656476
1.1629815839496371
10.664925051908659
12.301138077072476
8.364911972360774
21.765561909014163
15.457389985095421
4.477654884636127
3.724630991859728
5.61541663189453
0.0
0.14007120155127153
1.1649189977826457
0.0
0.33358524060494776
3.594758900379432
3.5657935341701865
0.0
1.0259237505332288
3.439486856686405
7.46275633566645
2.6446866920336762
0.11119508067319862
0.47628980884208977
0.6118898159388055
0.28014250871326984
0.0
0.5624626728090616
1.2697147896856786
0.0
0.20343745730676954
5.493787189999419
6.829768433294688
4.537353064188417
6.57591248452058
4.604893821063572
2.7617999283472585
3.936910161155616
10.98493545608873
6.1834529429366984
5.621724519249324
5.261588762301409
3.438097806262056
2.1244372068887882
4.533761511980216
0.0
0.6118898505857753
3.2603621277479284
10.977563030690824
11.943514422079271
5.087719499667691
3.297124933521744
3.5849410209950063
4.895548579432214
3.9090094450171846
1.8728417982861245
1.455540039722932
2.7100725922696833
1.4413968437295965
0.33358524060494776
0.0
0.7144345971351119
2.50232330147094
0.0
0.7491368343184922
1.4615026318051425
3.733490690639431
8.08038426773947
2.234234775660319
3.6514628138496885
1.8257311537615633
1.8739438745236932
0.8192393034203884
0.5129616059527673
0.0
0.20343697022539428
7.472557365891034
6.941703229915332
6.9012860962946485
4.256209240372777
3.084565569612724
2.129496202938172
1.2316163654282029
0.7144346935143903
0.476289796348484
0.23814489716590645
0.7144346847075652
0.9255369203662235
0.0
0.5559754012440209
3.6795404417824398
5.121352964507181
1.0571666853849029
0.1400711664556666
0.688577372143225
0.11119507996587456
0.45286324876155726
0.9525794248109293
0.0
0.5602847187308669
1.295173945647843
1.5332238986560185
0.9630072796366163
0.0
0.714434530865555
1.0876127739550976
0.5814902978044072
0.0
0.3442886751149821
2.6700409734140647
0.0
0.7003556039366334
1.9372593476708813
5.756348937791263
4.27781669252769
3.72634382103098
2.4051039353229395
2.72147583271575
0.886300794594272
0.0
0.3745681737552018
5.122095158463821
6.059377169406804
2.470209301990513
1.3607382915183235
0.0
1.0345091601929255
1.9372592052892381
1.7352557331595346
0.2381448076939152
0.0
0.7144344250188183
5.234157787424827
5.540649091231371
1.5981026196583021
2.7811817191505703
5.583358956827385
2.7460858802533235
2.2304171475186165
0.8192393721136595
0.0
0.2801422722240747
1.0876127430511222
2.881272550234763
0.1400711588694953
0.08517971498359538
0.3745683497906285
0.0
0.5624626472786073
2.0325538677138075
0.8192394193031953
0.08517973619083055
0.14007117308611008
0.11119507996587456
0.37456837233662604
0.11119508067319862
0.47628970955373473
0.0
0.8496719011287182
2.3598232726087227
1.6670138657758238
0.8360508232748238
1.1564911522407664
1.819612317953729
2.9818697337441553
0.14007115659364375
0.14007115583502655
0.0
0.5814903058448807
3.6942678331433103
1.9977554482847575
1.7505367897771569
0.0
0.5814902817234581
1.9207772182973837
4.065105160777858
1.1933231374487911
0.2034369826489665
0.8496716898951565
0.7491364770210968
0.0
0.11119507996587456
1.087612572075048
0.0
0.22239016134639725
3.639221363248116
9.436803840489363
5.734460373246149
5.708493620110269
5.731177092841034
6.575901272481273
3.9711260476899475
1.017183085007047
1.0876121648254167
0.0
1.0709057412815268
1.0876122056974078
1.1907237013112613
0.4202129582751622
0.0
0.33875832751597007
1.2237785427741885
4.328660604509523
10.211845622881617
5.60924742597396
7.058763492021182
6.966494479770264
6.564340382850035
4.8113869163978205
0.08517971997353375
0.5814903160782097
0.9255368246241971
0.7967906249401883
0.0
0.08517974492321934
1.862314789321154
8.721647345950455
4.058349494615013
0.28014223105949393
0.2223901606390732
0.8496717605770422
0.11119507996587456
0.8496717619300471
0.0
0.3442886651575238
2.5490153453769118
6.392410130396069
4.831243620758514
0.7168092531320057
0.3442886980352068
0.5129618742487623
0.0
0.8192394554912017
1.1249253107244737
1.403107326661299
0.34428869077443747
0.3745683791451263
0.9862595508589578
0.0
0.7587074422671312
1.47191714610801
0.611889663954011
0.08517975116063912
0.0
0.5602847187308669
2.569558376843921
10.022656391453953
13.701691575568072
8.55344938515334
4.694358090387862
2.8131258280150724
1.487753163782533
4.911544717581181
11.075597631914796
12.58554916779297
5.12427890749622
2.0398526885536676
3.230433941526561
2.9398545789133204
1.3664590338026898
0.8936295167914137
0.2223901606390732
0.1400711391454458
0.11119508067319862
0.0
0.3745683224076122
1.876378426545654
1.4001582784977935
2.247494398536608
1.3256269139684063
1.1629805781619447
0.0
0.7144344846925499
3.2526610912643195
5.423070900694976
5.982367015921555
0.0
0.4762895402292564
1.2382917234208783
1.1649179652969257
8.203442535517238
6.927690961338752
0.0
0.20343710603011916
2.5234561898628547
0.0
0.20343706451841906
1.057166595753521
0.0
0.8496717990793452
1.5148238873124682
2.5938097849185633
2.19038284003373
0.14007112301949123
0.5230344215105142
0.0
0.7587066823169093
1.123704895377735
1.982124884602041
