8.290812533837776
8.468436122842444
9.018024186052399
10.278095220993336
8.466298620954074
7.689399048522232
7.142255210801819
8.338399371570429
15.214029568541346
10.034585940419374
9.651206020886907
8.774941641261767
7.953037739645811
8.593015297035086
9.92768623317931
7.467013715501538
10.302227073573004
4.490093387974126
0.0
1.4247768501454428
3.611064607303749
3.1100897586206346
11.750032533520047
8.762546581097226
13.209776623014143
21.965083650945616
1.905646970357583
5.113465799530132
9.786129111070244
3.579745711287752
5.358514186155125
5.9008980059759075
3.7335082265170767
4.208084390844479
2.417160774616013
0.6434138663138167
0.0
0.6004534356352726
3.677136905681897
4.033947353202126
3.744073948270798
2.095980714316048
3.0117727576373357
2.8984468077616854
3.6032426824336494
4.163595615462643
5.444456639562302
3.998352807039347
2.2858212879102093
1.7610447659528805
2.475463013438036
5.657182259682494
5.693163054728961
5.482159326079453
3.993127785037727
0.8387667273810377
0.1601209156601327
0.24392241472016724
0.0
1.0124354350499025
0.09902794582288332
9.600556329967716
7.033696081546185
4.5716427553956285
2.9723798210343926
2.0824753820912583
5.001500861410479
2.7468205148345906
0.0
1.339073317319856
1.2002669054554285
0.1601209156601327
0.5604232040465544
0.06133613540549062
0.0
1.200906866177812
3.067590369228229
2.962871882666107
4.3389000730517795
8.434922823601692
5.127172263475871
4.647150940193777
2.659734984253742
4.722920047160283
3.5439897275272467
5.934466959650969
9.04218387644333
10.087804145585356
11.39219268158951
7.247513790029244
8.18730668192494
9.089147270745823
9.770456628754236
11.212658760483862
9.590949312387828
11.507803623061024
12.219166881084062
11.689470492562313
8.508543897755704
8.33193329567255
7.05839002383038
8.42445243049615
12.924280177273825
10.4339955591241
10.579365135483373
11.190601586526894
11.814984759413985
8.969451635261718
10.363808377295985
8.399159024230446
10.114431303671468
9.395943555975363
8.615728402355945
8.82030834186994
8.656219312762959
12.904317199133878
14.702324035813913
14.520116837148167
13.078072581619626
11.622295032795227
12.02471989703766
12.071551564209319
11.45275170731709
13.049854616369986
14.880564955816777
14.36904831408669
13.20997553203012
14.044902577290001
10.481441456480196
10.490653959108093
10.592426125519754
8.481096233979155
3.194171636506057
5.864495035873111
4.362750534915244
1.037816725244265
1.1039229096884773
0.10085175123595123
0.17146459260782826
0.1714645919653042
0.0
0.2521293712623985
1.2753375179074251
1.2753374861151483
0.0
0.153325530920557
1.468696599616653
1.8115729868032016
1.2235302520052442
1.0522842517302167
0.7436642069030002
0.0
1.2859845301104955
2.0959780528359984
2.43988067551024
1.7524522044149657
5.703354829065447
1.6936773687687856
1.2002518481259339
2.2450461497234127
16.949970222626924
8.534037091923542
4.070113740835895
2.0851827121007207
4.212368647530972
3.9344388729671387
0.9544522740189559
1.3201612716374003
1.2610454233207393
0.0
1.5294107418315475
52.08397981816933
39.84293468199405
7.335714139094227
391.59661743686405
8.470539458751936
1.3042462362313658
0.0
1.0007557222392376
6.94537481747607
2.3931883819328044
3.310693817245412
3.2896584284998123
0.0
0.4003022891503317
2.0964332108672528
0.11990766392089552
0.8573217026542677
0.6521231263716338
0.0
0.15332384399998622
0.8811214141124876
0.10085132804925695
0.16012091616940602
0.0
0.10085132669448411
0.10085132710029075
0.08006045706615636
0.10085132819269726
0.16012091515085936
0.0
1.2394394520772427
1.3665437732765646
1.3951449941159413
0.9325255367031304
0.8373462899448483
0.1714643645111349
0.08006045757542968
0.3202418308109921
0.5736893367080986
0.17146436900882875
0.0
0.6197197679823896
1.1225230493126306
2.7907091111568088
2.6064713344472805
0.8867648153705736
0.40340553017647146
0.6858574948355616
0.7101073127536058
0.2696894161040641
0.08006045757542968
0.1714643683663011
0.5143931007681555
0.5736893328043349
0.6117640796544838
0.5042567862688959
0.3693327764370391
0.4405607660297187
0.40340540003675873
0.0
0.25212836999482136
1.4177496450488154
0.730909772448781
0.10085134730828649
0.17146435455195386
0.10085134581159562
0.2696893757066906
0.17146435214878844
0.36933274543999667
0.4405607374450836
0.2696893649781675
0.6388325570583792
0.0
1.1737305596328902
0.9544517696064054
0.08006045757542968
0.06132953873405669
0.3429286817265185
0.0
0.6451292715380856
3.249638375205596
1.0407859515362259
2.605786643877988
0.7161053472442984
0.2580519389343863
0.0
0.20015114521175753
4.826824169740864
2.3474610229559354
1.9820933997061074
0.5355922427926363
0.2696893269417431
0.4405606771410086
0.0
1.3484465959003036
2.4764313652403436
1.2002502414182472
0.0
1.348446420241136
1.2904049018504522
0.5393785603798101
0.0
0.7563845866284545
0.8573215767886673
2.1434523935594765
1.8576598178503687
2.2757935693661184
0.0
0.6451291686792752
0.761160183016156
0.5143930270317664
0.2478878891932457
0.247887889473822
0.08006045757542968
0.0
0.4286608600865263
0.9915515532664865
5.0180102115604965
3.888684844913257
3.8470851169063605
0.8915721842962228
0.7101068143452266
0.4186730207345996
0.34292856928402465
0.0
1.7146428311239923
0.93252517242142
1.526086013900085
1.6901790681501874
0.2401813732355624
0.08006045808470301
0.0
1.2106549247975724
1.7993581948387738
2.742583248611938
1.7096851577234942
1.3296771171696935
0.3066463750839809
0.0
0.5042558148219669
0.7830809956184569
0.36933232004287064
0.3429284992483343
0.4405603829607339
0.0
0.8151537840118988
1.3734074972334926
2.4754292298031224
1.5431783764226756
0.6663864571880463
0.0
1.2394391934606555
1.0393436615960792
0.2401813732355624
0.20170240377373141
0.0
0.8151538149380926
0.7231494434384539
1.5983165594075541
0.16012091515085936
0.0
0.0
0.06132933460948754
0.4186729892659289
0.16012091515085936
0.0
0.8151538123096487
0.9745418973352052
0.9915513519945321
0.4405604527301932
0.24788783808290168
0.3429285420464825
0.26968916854717223
0.17146427247524693
0.08006045757542968
0.342928543582861
0.3260615264887038
0.4186730001701031
0.32606152830269425
0.6117636943629652
0.24788784408281594
0.16012091515085936
0.34292856067982797
0.36933245159193384
0.3429285622162055
0.6663864837163191
0.5143928376527791
0.0
0.6742229765168131
0.8891659435016692
0.9756257590484454
0.6019567560328805
0.7436635551953645
1.0569233946782197
0.0
0.8648378962840906
0.9607254934515228
1.1620365955965697
0.32606153593615617
0.6858571607208718
0.20170247929340168
0.061329403107773725
0.4405605376022975
0.08006045757542968
0.26968922399727036
0.6858571661124218
0.26968921546360036
0.17146428830158097
0.2128687465658406
4.450879520678898
5.001492165628949
5.765657815369793
1.2009068666870852
5.605574173572208
3.07243797785681
3.781545183081918
4.683942871064889
2.149268652663253
2.6988288871134505
1.2484587203661193
2.6261968944542486
3.05771246182535
0.0
0.20015114393857422
1.5805683674330842
0.49192494764143
0.32606152445476133
0.6117636599454483
0.3429285420464825
0.24788783946521875
0.20170240705095985
0.32606152576192654
0.5393783157445217
0.0
1.2859819915382078
1.2403027760052727
0.7830810571698693
0.7436634858630217
0.0
1.2859819037826428
0.7317187088285146
0.0
0.17146425583942768
0.3429285099200146
0.0
0.17146425352063108
0.41867296547459915
0.0
1.6659660408213892
0.8373459151212609
0.0
0.600453433088906
3.1134104812038017
0.24788781674986404
0.5898522369763085
0.326061507522853
0.0
1.474630585252678
0.7830809446187017
0.08006045757542968
0.4957756364469399
0.24788781836376061
0.0
1.3484454439017066
1.2080410180581032
1.5965689619905514
0.40130368564632174
0.7386645204942524
0.5393781546840837
0.0
0.34292847089265405
0.3693322662259609
0.08006045757542968
0.41867293863401195
0.17146423536285318
0.5898522277337285
0.0
1.4746305558280726
1.6181343351774222
2.8971499352227323
0.34292847025012424
0.10085114207894104
0.4049730828810659
0.0
0.20015114393857422
2.1463444116802206
2.939194198612328
1.3890730455404334
0.0
0.8573212754283399
0.9724359153115465
0.0
0.8573212657903977
3.0898665177719553
2.51622300822171
0.8770339930715451
0.4405603363601086
0.49712310300633034
0.0
0.6132924748495073
1.4873268999398903
4.474922256311059
0.6663864334397714
0.5898522912548438
0.0
0.20015114393857422
1.4686935014366973
1.9831025959322113
1.6857380064172727
2.493968708014782
5.1006764094674075
2.4004988742498243
3.3104333464662594
0.9076599938412443
4.722220097566449
0.0
0.0
0.6197195368747277
3.6464207447621684
4.904650759951546
6.783865219154671
2.256545806492222
1.3734074835163563
0.7830809134322777
0.34292846477599004
0.1714642324714689
0.4034045500025471
0.32606150603346207
0.0
1.6303075329517585
1.5036747961856634
1.41191619184941
0.1601209156601327
0.0
0.5042558100695138
2.498768084095035
24.831632098004413
12.800918851457574
6.409533022965945
6.599881008939405
4.723965139209905
24.792793238660256
28.389735149680856
0.02812655424694213
5.559767022517848
1.6910144987401792
2.434805931446192
0.0
0.3661862342633933
6.588479071188403
4.670369231486466
1.2403029251999396
1.0081138213942806
0.14647470731589923
0.44056047973771567
0.514392822637717
0.0
1.4247381616447954
5.963046662002112
4.1572596950258855
1.914414416617143
1.6401291790390937
0.34292863666517015
0.10085128587266202
0.1601209156601327
0.6858572853714339
0.2478878743045889
0.611763890297692
0.1714643187373226
0.0
0.674223217269489
1.9408372982194197
3.486109939097476
0.0
1.2859822192186559
0.9797318104900744
0.5143928713029765
0.0
0.6117637462280622
0.17146428708646874
0.2696892052058061
0.08006045757542968
0.0613293858062983
0.24788784852719611
0.26968919877692865
0.1714642833982419
0.5393784044362862
0.0
1.5294093511631859
0.8373460525211944
0.08006045757542968
0.34292858462034737
0.44056054097823594
0.10085124476391842
0.17146429415428682
0.24788785497154633
0.46949192267380846
0.326061537425546
0.2401813732355624
0.08006045757542968
0.26968921838541376
0.3693324997926749
0.0
0.201702484067321
0.17146429310612205
0.08006045757542968
0.171464291026014
0.0
0.5143928756463613
0.10085124108393444
0.4034049708641364
0.2696892264483306
0.0613294111914714
0.41867303287852364
0.1601209156601327
0.326061536963089
0.26968921746110935
0.1601209156601327
0.0
0.6663865050368283
0.0
1.5294093403579583
2.482631827097886
1.8505595582310852
0.16012091515085936
0.7101066761930975
0.3693323831327432
0.2401813732355624
0.0
0.0
0.92504024803997
0.34292853000537354
0.5393783010381487
0.0
1.4746307584460632
0.7436634948497916
0.10085118358900333
0.36933235840570944
0.539378280702711
0.26968914392926474
0.10085118974070664
0.34292852679272695
0.2401813732355624
0.0
0.30255358135601346
0.34292852679272695
0.44056043519879284
0.10085119287601611
0.539378303125742
0.0
0.4286606651248861
1.1208464086023824
2.649268670250725
0.0
0.1533232309863194
0.7830810255148595
0.8811208204101598
0.10085118384983896
0.0
0.1533232675036857
1.5773564818030423
0.5637689681633713
0.08006045808470301
0.1008511692457527
0.2696891145165099
0.10085117088436801
0.0
0.4003022891503317
2.085182657363643
1.7352148345149094
0.0
0.6742228904614409
0.7611599266327443
0.7790232576473097
0.08006045757542968
0.0
1.4342230527515811
3.3919945806311684
2.5306848850691246
0.7436634688501522
2.983567315826369
5.629250535213604
2.568532805374388
3.508077745301999
1.1780919604920703
3.8470854287682488
0.7386652346174702
0.5898524617453664
0.08006045757542968
0.1601209156601327
0.5898524660779653
0.17146432563818848
0.08006045757542968
0.4405606552864743
0.4694921216649866
0.0
1.2394393909670889
0.8214739523729541
0.8214739461910235
0.0
1.6085331566919365
1.1225230406267483
3.0522901284046178
7.309175140183337
0.0
0.756384077296811
1.3509923941553224
1.5223198813649055
0.0
1.9276321557032492
1.519049869716535
0.1714642672524388
0.3429285370731958
0.08006045757542968
0.0
1.4746307920586967
5.893409735088674
5.319462390575017
1.1506331967685313
0.6818392863585457
0.8373458072719522
0.5898521714204207
0.0
0.6742225391422536
1.5253631327503858
0.31692491717483207
0.0
1.474630446245368
3.451329155986694
3.367569084794679
2.7330874467479047
0.0
1.0466824218519564
2.0024508351272634
0.8281690937953412
2.324991059152052
0.9473408745452176
0.0
1.1014011712114549
4.4871592711926995
0.9870659111978198
1.1473784145980548
0.9781845671625572
2.0896873332035093
0.6858570330245132
0.4957756608326859
0.2401813732355624
0.2478878307496716
0.41867297498710365
0.10085118290087874
0.0
0.5637689715208942
0.20170237278197561
0.24390627715611432
0.34292851883285314
0.08006045808470301
0.4186729761087845
0.0
0.0
0.15332329161419975
3.8595579575502015
0.0
1.2394391031935006
0.9325249966844816
1.1258499242704827
0.5143927291496875
0.0
0.428660606879863
0.7436634611966951
1.260384989769636
0.5747193595936412
0.5143927369299859
0.0
1.2394391131933638
1.3829595449151306
3.053347948622231
3.7939574683622492
2.0470345378181842
0.4405603053140334
0.1714642248454858
0.0
0.0
1.2394390320833435
2.4826318233246587
1.5663166771471355
1.7695565036856573
1.7783317662649345
3.2184498275404616
1.4304265920895183
0.828167878208628
1.6469335631607418
1.3509921059707488
1.0479887862148956
0.0
0.6197195318747948
1.2824346225951575
1.2174033894536784
0.8387410219035826
3.038085293033721
2.401388277966819
1.2149192334990444
1.9991590525199565
3.69332248287968
1.9327336092039684
1.3647639164688088
0.1601209156601327
0.24788781879883934
0.0
1.6303075570425782
0.9915512879860656
0.0
1.7146424678884908
0.8811207326356598
0.0
1.4746306176628896
0.8811206943749708
2.752998700438917
0.7317182819780221
0.5143926882646713
0.5898522168072678
0.08006045757542968
0.0
0.26968906396847625
0.1008511371615595
0.49577562127766994
0.5869790009446267
0.0
0.20015114393857422
2.2416928177140383
0.17146423664791272
0.5143927118713275
0.17146423793297227
0.2696890802016169
0.08006045757542968
0.24788781497211027
0.0
0.6742226964189352
1.464745257671457
0.2478878171943025
0.34292847715100405
0.10085114903615888
0.6858569566478675
0.0
1.1014008955095498
3.2855348228033048
0.8387411377566073
0.5143927716265813
0.40497309345012644
0.26968912840586756
0.0
0.20015114521175753
2.091334964857628
2.0959775977850135
1.9979181142165932
1.0925362866151977
1.5983163216668979
4.800968096296015
5.13741407335282
4.7601527468896645
3.0347433551107708
1.815318418979525
0.0
1.0917617043668677
1.6577611766468205
1.129749184987705
0.6858566705549346
0.0
1.5970783441910668
0.7830805300543512
0.9337666769920431
2.188162050425377
2.5810665033007685
1.8907725128782558
0.0
0.2521276421732104
1.6615656810644521
1.7146419178532073
0.0
1.610609840587403
1.052281047321843
0.0
0.0
0.8811204193353597
0.5747182416264744
2.8971497107092823
0.6117633874941508
0.08006045808470301
0.0
0.252127742866554
0.8281676193919106
0.0
1.2106548704813183
0.80060457779139
1.8505594983628029
0.16012091515085936
0.0
0.25212769815935504
0.8573209761206108
0.17146419376534255
0.0
0.0
4.157253762730319
2.403227375810691
0.0
1.4647441296810022
1.3829594755849823
0.0
1.101400597301102
2.3160018969421166
3.4045501820819157
1.602576252464734
0.6388314821092396
0.0
1.1014003987416148
4.224806876647057
2.4474241624455613
0.962681012635734
0.7830806729707979
0.7101062284206257
0.5393779403681582
0.41867286916420976
0.40497306597358107
0.0
0.9233301979979716
0.8573209717772143
3.4261972760821844
1.845791526783615
1.642766721707299
2.0933645348270087
0.0
0.15332295928317788
2.5976939740021776
1.3837368772215481
0.7611597506279693
0.589852198800197
0.34292844784595383
0.17146422540363998
0.061329218742796954
0.0
1.1737288231518754
3.5505320245628513
1.737522430925399
0.17146420773406215
0.1601209156601327
0.0
0.7563832242058419
1.0874695432109196
1.7375223052721207
1.6303074293535669
2.530684109362351
2.451413797399788
0.0
1.200906866177812
1.4686927424030944
2.379251855469902
2.2857595667685
0.7161004978879761
0.0
0.5898521280682996
0.0
0.6197194646534442
1.4610014474104227
0.0
0.5016288642655925
0.8099461354241426
1.2299506128976216
1.0569232546243206
1.046938671076153
1.1208887001011314
3.3280860303804936
1.3837364472820988
1.2320956797265987
0.8921301792327033
1.4119155265710666
1.5099931043223769
0.6818393318672028
0.06132919832026114
0.34292843667161954
0.34292843410149926
0.0
0.8573210852537481
1.4686931580258642
2.974653717600291
0.6746216796930314
2.186088358788828
0.0
1.4342229170803502
1.1208464086023824
3.718316981466247
2.3594085701711247
0.0
0.0
0.802950155729416
0.0
1.0124326669742914
1.602383231938692
0.1601209156601327
0.5736891377555676
0.26968898390032914
0.0
0.0
1.4423926586162739
0.6793547339138017
0.2696890001334819
0.5393780069104319
0.1008510982390335
0.3429284154681243
0.652122984329363
0.40497307023097157
0.4957755849410665
0.0
1.7752657892272312
1.2972657509107313
0.5143926385529708
0.6117634179080673
0.1601209156601327
0.10085111353279742
0.24788780219075762
0.0
0.8151537469224013
2.119553916172189
2.05489436726923
1.2084589370322136
0.6521229922762771
0.26968901647392346
0.6117634062232494
0.0
0.4003022891503317
3.477386077960294
3.407540665742631
1.673319753351519
4.358357688851228
2.3428579598739603
0.4878125626028916
0.1601209156601327
0.0
1.0985597494685595
1.1836746955361546
1.7695569484385838
1.5517491897596702
0.10085119396689629
0.17146426444363114
0.0
0.6197195892187363
2.0052663692442727
1.0874711414059672
0.5143928342032413
0.0
0.6197196124292301
0.7830811808837126
4.23879986815284
1.2493841921581614
1.0569233463966807
9.54707278595389
4.037925899268156
1.6898276335726752
0.41867294968601965
0.6858569635487466
0.0
1.046682355893434
0.7231494354905423
1.5580448480594304
1.999159088230344
5.461030109126835
4.2633410404019285
1.1168031486476104
0.06132920526990576
0.0
1.1014007210857741
1.1397897753764978
1.7655958534953171
0.0
0.8151537679458181
1.5508268059526347
2.1118956564560594
0.8090671202464949
0.0
0.501629328047807
0.6381361738130465
1.716591367999265
0.2696890443599571
0.0
0.8573211147959099
1.178091051794353
1.1479357280852758
5.001331141719102
0.871725245467771
0.0
0.8573210312669953
0.7359500074284845
0.6858568235597815
0.0
0.25212773158763363
1.922337509778856
1.8457914397590331
1.0253205906895104
0.17146420565215437
0.14647437213522768
0.7101063038403345
0.17146420276076801
0.7101063081783537
0.10085109401130603
0.685856818085643
0.4049730699539609
0.5143926015231042
0.4957755777226797
0.0
1.200906866177812
1.8829176004641897
0.987064715972909
0.0
0.600453433088906
3.703620401695938
5.0692436193513615
0.9797312927771009
2.1253809028177186
0.1008511229602146
0.08006045757542968
0.0
0.7323722515927963
4.032978237620699
2.4477866329849904
2.1535097028183667
4.564860824911913
2.5619346490343036
1.6023832321038198
3.4868999091574153
0.8811202757576516
2.9665780558754196
3.303677494744646
4.623740338152942
0.4049730576762013
0.24788777080881755
0.0
0.1533226802531163
4.315022973313886
0.0
0.5042553143916142
3.789018950434549
1.1168022220913665
0.7205441202159604
0.0
0.42866048682284563
0.8591904469614814
1.0787559230241053
0.34292839828675403
0.1008510814485666
0.0
1.401058010116386
1.2394389597999496
0.0
0.24788779347520126
0.6858568304606663
0.3693321463161926
0.0
1.529408447124877
0.7830807551570719
0.0
1.0732601923742022
3.9805461487434433
0.0
1.3484451502673578
1.4773286762080684
0.3433181960665139
0.24788779852788298
0.41867289916254175
0.0
1.7752658517194289
1.7842602854198848
0.4394232002874807
0.0
0.6097649213297404
0.7611597163930947
0.3693321455388166
0.08006045808470301
0.0
1.6659657821465084
0.8573210156235974
1.6429474278251848
2.5007460929065792
1.9475532751262836
1.5223192360905768
0.4842619415650696
0.17146418781561962
0.0
1.4746302571334169
2.949967718112543
1.4500273755750497
3.5244813096260077
1.1225230214883308
1.171794269062199
0.3679746372509675
0.10085105810515471
0.5143925575941448
0.32606148285068576
0.17146418813688485
0.1008510632818402
0.0
0.3066455553875115
2.1118944143893335
2.0964269750564144
0.34292835018133994
0.0
1.6303073784807776
1.2002491990664423
1.8352895873355193
2.15350942063565
3.025057407893895
1.2941130073766
1.879504092912501
0.0
1.0124325989629543
1.7896344305061476
0.9781843477068811
0.0
1.2106548010182245
5.5616902084337
7.195331696727264
8.070262429214399
2.796143549183827
1.077199980215936
2.570834488785647
4.947583246313914
1.809362625984297
0.7467728545290475
0.32606151276005035
0.0
0.42866061372252867
1.5223196655086098
2.1303194870450715
0.9781845146593767
0.0
1.7752661038333934
3.6771209769599995
3.7203766144116215
5.516498444965014
5.851770479313405
10.010800336306593
12.42693220510854
7.15658205637666
5.1156264673019045
0.0
1.4342223266841851
0.7611590522235692
4.801308372584247
11.059793303061092
3.478488893693728
0.08006045808470301
0.1601209156601327
0.1601209156601327
0.0
0.4003022891503317
3.904609079233492
5.848441365057632
5.883236133323282
3.058815857730035
0.42880227135982785
1.1275379320452417
0.26968910062715
0.1601209156601327
0.0
1.1014009095759791
0.9544511084245887
1.7467408380238765
0.5393781336388962
0.4186729276213614
0.44056031141422825
0.0
0.8573211350498242
1.178091028619935
6.663863206212598
5.837298032930607
3.0863550127894257
1.5623849687911768
1.516469109032922
1.1297485056761605
0.0
0.2521275169043197
2.6261957150570105
1.7144667592395886
0.8455057714316225
1.1685304070125533
0.46949098441444015
0.418672766607357
0.0
1.2859809737197458
6.167400218482606
4.296497532552688
2.5207546766483464
10.67615469724122
5.925743470076153
2.92363832663194
1.4733521009714692
1.6092235482134796
0.8573207239272557
0.0
1.4746300086201385
1.3110629161486693
0.10085098968584677
0.1601209156601327
0.08006045757542968
0.0
0.6197193790989152
2.716658998880575
4.804018950648377
1.6427642457363727
5.383937950855309
2.840270606883115
0.0
0.061328981619298215
0.0
0.815153645057093
11.480425806555964
4.403752249583492
1.350991988575755
0.0
1.4247369594495907
1.5650236346905844
5.20718122013527
6.571753286419216
4.709867373868198
3.935382174992334
3.0615650620802564
0.4497982188084695
9.568673565196656
9.070252795523798
5.649836045687337
1.2824346288529
0.1008512169074937
0.0
1.2902551357534353
1.4618193983257959
0.0
1.5970801111183224
3.1651785191595736
4.511024593724388
1.6181344974012333
0.7741517061948766
0.40497308430089873
0.06132924904543893
0.0
0.15332312261359735
2.9492610929193903
1.5911785552958957
2.347856103613504
1.2603832857879746
0.4394231596713003
0.0
1.4746304084229882
5.384793244140592
8.422604387079536
2.722977208435398
1.2776625090605398
0.837345615812054
5.232662014346372
1.0569232292621926
0.8373456947550945
4.352619049799154
1.8531120109949
3.8201380620018512
0.6704325534091871
0.1601209156601327
0.6388316581285813
0.6117634191895471
0.0
0.2592068612800629
5.091825969640618
3.4865681861166786
2.04703480071419
1.5223199359811224
2.8364139890476188
0.29294931713077277
0.0
0.6197195896517774
0.7830810875348655
0.0
0.4286606590853861
3.4934829939477363
3.423989032310792
0.41867302181692
0.10085123015984808
0.0
0.3661868740844037
0.8811210184653328
3.644606722770145
6.8059384303078625
5.393781707347211
4.601453365758897
5.23525999863573
4.040477975394072
0.0
1.7648934446960631
4.436502535729957
2.1651095865148053
4.7337552693926845
0.9781845073571471
1.6640334859794645
4.967553575444674
3.25481631854015
1.8861068913985513
0.0
1.0466824663150822
2.435603271158751
4.578258001068402
3.5337158914005147
1.816887423454519
4.2581214334918585
2.4004988787475363
2.4204265909367524
0.4186729070568376
0.10085111149142861
0.0
0.10085111149142861
0.0
0.75638334401633
4.854402934070596
2.789652877359956
0.24788782119424813
0.0
0.25212790571751337
2.153509961317366
6.833658205068447
1.9457660609410719
1.0850193605094687
0.8623325415171226
0.5898521335980338
0.061329137905386834
0.24788778786135252
0.5898521361195267
0.3429284007743046
0.589852139478633
0.46949136406001
0.26968898097849997
0.3260614882634727
0.0
1.3484449355738612
0.8573209986091748
2.161632359629335
1.8071468939849948
3.1229601071569317
1.0787561485221955
0.41867291344138463
0.3693321946404152
0.2401813732355624
0.08006045859397634
0.34292843371029336
0.10085111163334873
0.24788780080843953
0.3429284329008153
0.14647442751607426
0.34292843667161954
0.0
1.2859816469816718
0.9544509920726238
3.704525119243209
3.311762830328695
1.5983164380863388
2.316003433886081
0.34292852983842625
0.440560444201302
0.0
0.7563839926312597
0.8573213471815934
7.595848858186106
0.02200517256180346
3.30326931404528
2.1971255690486675
4.458691638532345
3.0903216388570334
0.0
0.9737807646978051
3.161983649934116
0.0
0.0
1.5903443337096905
7.649756459226117
0.809946225163223
5.804310872935683
2.606465181498845
2.0248656166388566
0.0
1.2265903169692778
2.644840899884104
0.0
1.2902585512198153
7.779498775381126
9.346937014435957
8.272499847550876
7.288883782301191
3.1277740662065443
3.559799189969769
2.2706129214421464
5.990295287949268
1.2236196677298572
6.711541601846579
1.5770794546843188
0.0
1.0985657967240736
5.274050653502887
1.1620371841011325
4.43383186958559
6.26553522223004
1.2236228942737288
1.1275380817097638
1.0084778594125197
0.8373467303752663
0.8373467404437388
7.678746037374234
8.856819415492183
6.022736620099757
15.671204574490197
11.129320789268704
3.2239115169380117
2.681734314139004
4.043099974964061
0.0
0.2521281627922888
0.838741678403505
0.0
0.600453433088906
2.5882264082731914
2.567371344602534
0.0
1.846662750959812
2.476430536814212
5.373184561679844
1.904174418264247
0.08006045808470301
0.34292866236630465
0.44056066747593997
0.2017026062735543
0.0
1.012432811056311
0.9141946485736886
0.0
0.36618742315218517
3.9555267767995823
4.917433271972175
3.2668942062156603
4.734656988854818
3.3155235511657724
1.988495948410026
2.8345753160320437
7.909153528383885
4.452086118914423
4.047641653859513
3.7883439088570148
2.4754304205086806
1.5295947889599275
3.264308288625755
0.0
1.1014017310543955
2.3474607319785084
7.903845382097394
8.599330383897076
3.6631580397607375
2.3739299521356556
2.5811575351164047
3.524794977191194
2.814486800412373
1.3484460947660097
1.047988828600511
1.951252266434172
1.0378057274853096
0.2401813732355624
0.0
1.2859822748432015
1.8016727770590768
0.0
1.348446301773286
1.0522818948997026
0.38401618532291293
5.817876672772418
1.6086490384754297
2.629053225971776
1.3145264307083258
1.349239589657059
0.5898522984626797
0.3693323562859925
0.0
0.3661865464057097
5.380241303441545
4.998026325539039
4.968925989332147
3.0644706530683994
2.220887210121161
1.5332372661154838
0.8867637831083061
0.514392979330361
0.3429286533709085
0.17146432595945266
0.514392972989447
0.6663865826636809
0.0
1.0007557222392376
2.6492691180833567
3.6873741344451703
0.7611600134771301
0.10085123984807996
0.49577570794312203
0.08006045757542968
0.32606153910832125
0.6858571858638691
0.0
1.0085124937155605
0.9325252408664471
1.1039212070323332
0.6933652413383637
0.0
1.2859821555579989
0.7830811972476702
0.41867301441917315
0.0
0.6197196152069678
1.9224295008581265
0.0
1.2606400870859402
1.3948267303230346
4.1445712352097095
3.0800280186199367
2.6829675511423057
1.7316748334325165
1.95946259955534
0.6381365721078759
0.0
0.6742227127593633
3.687908514093951
4.362751561972899
1.7785506974331695
0.979731569893193
0.0
1.8621164883472658
1.3948266278082515
1.249384127874865
0.17146426153961894
0.0
1.2859819650338729
3.7685936069458754
3.9892673456865873
1.1506338861539775
2.0024508377884107
4.020018448915717
1.9771818337823928
1.605900346213404
0.5898523479218349
0.0
0.5042560900033344
0.783081174996808
2.0745162361690292
0.10085123438603663
0.06132939478818867
0.2696892118492525
0.0
1.012432765101493
1.4634387847539414
0.5898523818983006
0.061329410057398004
0.10085124462199926
0.08006045757542968
0.2696892280823707
0.08006045808470301
0.34292859087868904
0.0
1.5294094220316927
1.6990727562782804
1.2002499833585931
0.6019565927578732
0.8326736296133519
1.3101208689266848
2.146946208295792
0.1008512327474235
0.10085123220121911
0.0
1.0466825505207853
2.6598728398631835
1.4383839227650255
1.2603864886395528
0.0
1.0466825071022245
1.3829595971741162
2.926875715760058
0.8591926589631296
0.14647462750725587
0.6117636167245126
0.5393782634551897
0.0
0.20015114393857422
0.7830810518940347
0.0
0.40030229042351506
2.620239381538644
6.794498765152341
4.1288114687372275
4.110115406479394
4.126447506845545
4.734648916186517
2.859210754336762
0.7323718212050738
0.7830807586743
0.0
1.9276303343067482
0.7830807881021336
0.8573210649441081
0.3025533299581168
0.0
0.6097649895287461
0.8811205507974157
3.1166356352468565
7.352528848474765
4.038658146701251
5.082309714255251
5.015876025434591
4.726325075652025
3.464198579806431
0.06132939838094431
0.418673027576311
0.6663865137294219
0.5736892499569355
0.0
0.1533235408617948
1.3408666483112308
6.279586089084328
2.9220116361228095
0.20170240636283562
0.1601209156601327
0.6117636676154704
0.08006045757542968
0.6117636685896339
0.0
0.6197195972835429
1.8352910486713763
4.60253529388517
3.47849540694613
0.5161026622550441
0.24788786258534892
0.3693325494591088
0.0
1.474631019884163
0.8099462237216211
1.0102372751961353
0.24788785735759497
0.26968923298449093
0.7101068766184496
0.0
1.365673396080836
1.0597803451977672
0.44056055804688793
0.06132942083566017
0.0
1.0085124937155605
1.8500820313276234
7.2163126018468455
9.865217934409012
6.158483557310405
3.3799378250792604
2.025450596170852
1.071182277923424
3.5363121966584505
7.974430294978653
9.061595400810937
3.6894808133972785
1.4686939357586408
2.325912437899124
2.1166952968175905
0.9838505043379367
0.6434132520898178
0.1601209156601327
0.10085122018472098
0.08006045808470301
0.0
0.674222980333702
1.350992467112871
1.0081139605184113
1.6181959669463577
0.9544513780572526
0.8373460162766002
0.0
1.2859820724465898
2.34191598571031
3.904611048500383
4.30730425146352
0.0
0.8573211724126616
0.8915700408630324
0.8387409350137865
5.9064786255724115
4.987937492163901
0.0
0.3661867908542145
1.8168884567012555
0.0
0.3661867161331543
0.7611599489425351
0.0
1.5294092383428215
1.0906731988649772
1.8675430451413655
1.5770756448242857
0.1008512085740337
0.3765847834875702
0.0
1.3656720281704369
0.8090675246719693
0.7135649584567347
