2.3030034816216047
2.3523433674562346
2.5050067183478886
2.8550264502759264
2.3517496169316874
2.1359441801450645
1.983959780778283
2.3162220476584525
4.226119324594818
2.787384983449826
2.680890561357474
2.43748378923938
2.209177149901614
2.386948693620857
2.757690620327586
2.074170476528205
2.8617297426591675
1.2472481633261459
0.0
0.395771347262623
1.003073502028819
0.8639138218390652
3.2638979259777905
2.4340407169714515
3.669382395281706
6.101412125262673
0.5293463806548842
1.4204071665361477
2.718369197519512
0.9943738086910423
1.488476162820868
1.6391383349933075
1.0370856184769657
1.168912330790133
0.671433548504448
0.1787260739760602
0.0
0.16679262100979794
1.0214269182449713
1.120540931445035
1.0400205411863328
0.5822168650877911
0.8366035437881487
0.8051241132671348
1.0009007451204581
1.1565543376285117
1.512349066545084
1.1106535575109298
0.6349503577528359
0.4891791016535779
0.6876286148438988
1.5714395165784705
1.5814341818691557
1.5228220350220703
1.1092021625104798
0.2329907576058438
0.044478032127814635
0.06775622631115756
0.0
0.2812320652916396
0.0275077627285787
2.6668212027688094
1.9538044670961625
1.2699007653876746
0.8256610613984424
0.5784653839142384
1.3893057948362442
0.763005698565164
0.0
0.37196481036662665
0.33340747373761903
0.044478032127814635
0.155673112235154
0.01703781539041406
0.0
0.33358524060494776
0.8521084358967302
0.8230199674072519
1.205250020292161
2.3430341176671363
1.4242145176321863
1.290875261164938
0.7388152734038171
1.3119222353223008
0.9844415909797908
1.6484630443474912
2.5117177434564804
2.8021678182181544
3.164497967108197
2.0131982750081234
2.274251856090261
2.5247631307627283
2.7140157302095096
3.1146274334677395
2.6641525867743967
3.1966121175169513
3.3942130225233504
3.2470751368228647
2.363484416043251
2.3144259154645974
1.9606638955084388
2.340125675137819
3.590077827020507
2.8983320997566944
2.93871253763427
3.108500440701915
3.281940210948329
2.491514343128255
2.8788356603599956
2.333099728952902
2.809564251019852
2.6099843211042675
2.393257889543318
2.4500856505194273
2.4045053646563774
3.5845325553149663
4.083978898837198
4.033365788096713
3.632797939338785
3.228415286887563
3.3401999713993495
3.353208767835922
3.1813199186991916
3.6249596156583292
4.13349026550466
3.991402309468525
3.669437647786144
3.901361827025
2.9115115156889435
2.9140705441966923
2.942340590422154
2.35586006499421
0.8872698990294603
1.629026398853642
1.2118751485875676
0.28828242367896245
0.3066452526912437
0.028014375343319787
0.047629053502174515
0.04762905332369561
0.0
0.07003593646177736
0.3542604216409514
0.3542604128097634
0.0
0.04259042525571029
0.4079712776712925
0.5032147185564448
0.3398695144459012
0.2923011810361713
0.20657339080638892
0.0
0.35721792503069316
0.5822161257877773
0.6777446320861777
0.48679227900415717
1.5842652302959577
0.4704659357691071
0.33340329114609274
0.6236239304787257
4.708325061840812
2.3705658588676504
1.130587150232193
0.5792174200279779
1.1701024020919366
1.0928996869353163
0.2651256316719322
0.36671146434372226
0.350290395366872
0.0
0.42483631717542986
14.467772171713703
11.067481856109458
2.0376983719706185
108.77683817690668
2.3529276274310935
0.3622906211753794
0.0
0.27798770062201045
1.9292707826322417
0.66477455053689
0.9196371714570588
0.9137940079166145
0.0
0.1111950803195366
0.582342558574237
0.033307684422470986
0.23814491740396324
0.18114531288100938
0.0
0.042589956666662855
0.24475594836457987
0.028014257791460263
0.04447803226927945
0.0
0.028014257415134476
0.028014257527858542
0.0222390158517101
0.028014257831304797
0.04447803198634982
0.0
0.344288736688123
0.3795954925768235
0.38754027614331704
0.2590348713064251
0.23259619165134673
0.047628990141981915
0.02223901599317491
0.08895606411416447
0.15935814908558293
0.047628991391341316
0.0
0.1721443799951082
0.31181195814239737
0.7751969753213357
0.7240198151242445
0.24632355982515933
0.11205709171568652
0.190515970787656
0.19725203132044605
0.07491372669557336
0.02223901599317491
0.04762899121286142
0.14288697243559872
0.15935814800120413
0.16993446657068992
0.14007132951913775
0.10259243789917752
0.12237799056381075
0.11205705556576631
0.0
0.07003565833189482
0.39381934584689315
0.20303049234688358
0.02801426314119069
0.04762898737554273
0.028014262725443228
0.07491371547408072
0.04762898670799679
0.10259242928888797
0.12237798262363433
0.07491371249393541
0.17745348807177197
0.0
0.3260362665646917
0.26512549155733484
0.02223901599317491
0.017035982981682414
0.09525796714625515
0.0
0.17920257542724602
0.9026773264459989
0.28910720876006274
0.7238296232994411
0.19891815201230512
0.07168109414844065
0.0
0.05559754033659931
1.3407844915946845
0.6520725063766487
0.5505814999183631
0.14877562299795452
0.07491370192826197
0.12237796587250238
0.0
0.3745684988611954
0.6878976014556509
0.333402844838402
0.0
0.3745684500669822
0.35844580606957005
0.1498273778832806
0.0
0.21010682961901514
0.23814488244129645
0.5954034426554101
0.5160166160695469
0.6321648803794773
0.0
0.17920254685535422
0.21143338417115443
0.14288695195326842
0.0688577469981238
0.06885774707606167
0.02223901599317491
0.0
0.11907246113514619
0.27543098701846846
1.3938917254334713
1.0801902346981267
1.0686347546962112
0.2476589400822841
0.19725189287367406
0.11629806131516655
0.09525793591222907
0.0
0.47628967531222005
0.2590347701170611
0.42391278163891244
0.46949418559727424
0.06671704812098955
0.022239016134639723
0.0
0.3362930346659923
0.49982172078854825
0.7618286801699827
0.4749125438120817
0.3693547547693593
0.08517954863443916
0.0
0.1400710596727686
0.2175224987829047
0.10259231112301961
0.09525791645787064
0.12237788415575941
0.0
0.22643160666997186
0.38150208256485907
0.6876192305008674
0.4286606601174099
0.18510734921890176
0.0
0.34428866485018206
0.28870657266557753
0.06671704812098955
0.05602844549270317
0.0
0.22643161526058128
0.2008748453995705
0.44397682205765393
0.04447803198634982
0.0
0.0
0.017035926280413206
0.11629805257386913
0.04447803198634982
0.0
0.22643161453045796
0.2707060825931126
0.27543093110959227
0.12237790353616476
0.06885773280080602
0.09525792834624514
0.07491365792977006
0.04762896457645748
0.02223901599317491
0.09525792877301695
0.09057264624686216
0.11629805560280641
0.0905726467507484
0.16993435954526812
0.06885773446744888
0.04447803198634982
0.09525793352217443
0.10259234766442607
0.09525793394894597
0.18510735658786642
0.1428868993479942
0.0
0.18728416014355917
0.24699053986157476
0.2710071552912348
0.16721021000913344
0.20657320977649016
0.29358983185506105
0.0
0.24023274896780294
0.266868192625423
0.32278794322126936
0.09057264887115449
0.19051587797801994
0.05602846647038935
0.017035945307714923
0.1223779271117493
0.02223901599317491
0.07491367333257509
0.1905158794756727
0.07491367096211121
0.04762896897266138
0.05913020737940016
1.2363554224108049
1.3893033793413745
1.601571615380498
0.33358524074641255
1.557103937103391
0.8534549938491139
1.050429217522755
1.301095241962469
0.5970190701842369
0.7496746908648473
0.34679408899058867
0.7294991373484023
0.8493645727292638
0.0
0.05559753998293728
0.43904676873141224
0.1366458187892861
0.09057264568187814
0.16993434998484674
0.09525792834624514
0.06885773318478298
0.0560284464030444
0.0905726460449796
0.1498273099290338
0.0
0.3572172198717244
0.3445285488903535
0.21752251588051924
0.20657319051750603
0.0
0.35721719549517855
0.20325519689680963
0.0
0.04762895995539657
0.09525791942222628
0.0
0.04762895931128641
0.11629804596516642
0.0
0.46276834467260813
0.23259608753368358
0.0
0.16679262030247388
0.8648362447788338
0.06885772687496224
0.16384784360453014
0.09057264097857028
0.0
0.4096196070146328
0.21752248461630602
0.02223901599317491
0.1377154545685944
0.06885772732326684
0.0
0.37456817886158517
0.3355669494605842
0.44349137833070873
0.11147324601286715
0.2051845890261812
0.14982726519002323
0.0
0.0952579085812928
0.10259229617387802
0.02223901599317491
0.11629803850944775
0.047628954267459216
0.16384784103714678
0.0
0.40961959884113125
0.4494817597715062
0.8047638708952034
0.09525790840281229
0.028014206133039177
0.1124925230225183
0.0
0.05559753998293728
0.5962067810222835
0.8164428329478689
0.3858536237612315
0.0
0.23814479873009442
0.2701210875865407
0.0
0.23814479605288824
0.8582962549366542
0.6989508356171417
0.24362055363098478
0.12237787121114127
0.13808975083509176
0.0
0.1703590207915298
0.413146361094414
1.2430339600864053
0.18510734262215872
0.16384785868190105
0.0
0.05559753998293728
0.4079704170657492
0.550861832203392
0.46826055733813127
0.6927690855596617
1.4168545581853909
0.6668052428471735
0.9195648184628498
0.2521277760670123
1.311727804879569
0.0
0.0
0.17214431579853545
1.0128946513228245
1.3624029888754294
1.8844070053207418
0.6268182795811728
0.3815020787545434
0.21752247595341045
0.09525790688221945
0.04762895346429692
0.11205681944515197
0.09057264056485058
0.0
0.45286320359771065
0.4176874433849065
0.3921989421803917
0.044478032127814635
0.0
0.14007105835264272
0.6941022455819542
6.897675582779003
3.5558107920715485
1.7804258397127626
1.8333002802609457
1.312212538669418
6.88688701073896
7.886037541578015
0.007812931735261703
1.5443797284771799
0.4697262496500498
0.6763349809572755
0.0
0.10171839840649814
1.830133075330112
1.2973247865240185
0.3445285903333165
0.28003161705396684
0.040687418698860896
0.12237791103825435
0.14288689517714362
0.0
0.3957606004568876
1.6564018505561422
1.1547943597294126
0.5317817823936508
0.4555914386219705
0.09525795462921392
0.028014246075739452
0.044478032127814635
0.19051591260317607
0.0688577428623858
0.1699344139715811
0.04762897742703406
0.0
0.1872842270193025
0.5391214717276166
0.9683638719715212
0.0
0.3572172831162933
0.2721477251361318
0.14288690869527124
0.0
0.16993437395223948
0.047628968635130206
0.0749136681127239
0.02223901599317491
0.017035940501749527
0.06885773570199892
0.07491366632692462
0.04762896761062275
0.14982733456563505
0.0
0.4248359308786627
0.23259612570033178
0.02223901599317491
0.09525794017231871
0.12237792804950998
0.028014234656644006
0.047628970598413006
0.0688577374920962
0.1304144229649468
0.0905726492848739
0.06671704812098955
0.02223901599317491
0.07491367177372604
0.1025923610535208
0.0
0.056028467796478056
0.04762897030725612
0.02223901599317491
0.04762896972944833
0.0
0.142886909901767
0.02801423363442624
0.112056936351149
0.07491367401342516
0.0170359475531865
0.11629806468847878
0.044478032127814635
0.09057264915641361
0.07491367151697481
0.044478032127814635
0.0
0.18510736251023008
0.0
0.42483592787721064
0.6896199519716351
0.514044321730857
0.04447803198634982
0.19725185449808263
0.10259232864798422
0.06671704812098955
0.0
0.0
0.2569556244555472
0.09525792500149265
0.14982730584393017
0.0
0.4096196551239064
0.20657319301383098
0.028014217663612034
0.10259232177936373
0.1498273001951975
0.07491365109146242
0.028014219372418513
0.09525792410909081
0.06671704812098955
0.0
0.08404266148778151
0.09525792410909081
0.12237789866633135
0.028014220243337808
0.1498273064238172
0.0
0.11907240697913503
0.31134622461177286
0.7359079639585346
0.0
0.042589786385088715
0.21752250708746096
0.24475578344726662
0.028014217736066375
0.0
0.04258979652880158
0.43815457827862286
0.15660249115649202
0.022239016134639723
0.02801421367937575
0.07491364292125274
0.02801421413454667
0.0
0.1111950803195366
0.5792174048232341
0.48200412069858595
0.0
0.18728413623928913
0.2114333129535401
0.21639534934647497
0.02223901599317491
0.0
0.39839529243099475
0.9422207168419912
0.7029680236303124
0.20657318579170894
0.8287686988406581
1.563680704226001
0.7134813348262188
0.9744660403616663
0.3272477668033529
1.0686348413245135
0.20518478739374174
0.16384790604037955
0.02223901599317491
0.044478032127814635
0.16384790724387924
0.04762897934394124
0.02223901599317491
0.12237795980179841
0.13041447824027405
0.0
0.3442887197130802
0.22818720899248723
0.22818720727528433
0.0
0.44681476574776013
0.3118119557296523
0.8478583690012828
2.0303264278287045
0.0
0.21010668813800307
0.3752756650431451
0.42286663371247374
0.0
0.5354533765842359
0.421958297143482
0.047628963125677444
0.09525792696477661
0.02223901599317491
0.0
0.4096196644607491
1.6370582597468537
1.4776284418263936
0.31962033243570315
0.1893998017662627
0.23259605757554228
0.1638478253945613
0.0
0.18728403865062598
0.4237119813195516
0.08803469921523113
0.0
0.4096195684014911
0.9587025433296372
0.9354358568874108
0.7591909574299736
0.0
0.29074511718109897
0.5562363430909065
0.23004697049870582
0.6458308497644588
0.2631502429292271
0.0
0.3059447697809597
1.246433130886861
0.27418497533272773
0.31871622627723745
0.27171793532293254
0.5804687036676415
0.1905158425068092
0.13771546134241275
0.06671704812098955
0.06885773076379767
0.11629804860752879
0.028014217472466317
0.0
0.1566024920891373
0.056028436883882114
0.0677517436544762
0.09525792189801476
0.022239016134639723
0.1162980489191068
0.0
0.0
0.042589803226166595
1.0720994326528337
0.0
0.34428863977597235
0.2590347213012449
0.3127360900751341
0.1428868692082465
0.0
0.11907239079996193
0.20657318366574864
0.3501069416026767
0.1596442665537892
0.1428868713694405
0.0
0.34428864255371217
0.3841554291430918
0.8481522079506197
1.0538770745450692
0.5686207049494956
0.12237786258723149
0.04762895134596828
0.0
0.0
0.34428862002315097
0.6896199509235162
0.4350879658742043
0.49154347324601594
0.493981046184704
0.8940138409834615
0.3973407200248662
0.23004663283573
0.45748154532242824
0.37527558499187463
0.2911079961708043
0.0
0.1721443144096652
0.35623183960976595
0.3381676081815773
0.23298361719543953
0.8439125813982559
0.6670522994352275
0.3374775648608457
0.5553219590333213
1.0259229119110223
0.5368704470011023
0.37910108790800245
0.044478032127814635
0.06885772744412204
0.0
0.4528632102896051
0.2754309133294627
0.0
0.47628957441346964
0.24475575906546104
0.0
0.4096196160174693
0.24475574843749187
0.7647218612330324
0.20325507832722836
0.1428868578512976
0.16384783800201885
0.02223901599317491
0.0
0.0749136288801323
0.02801420476709986
0.13771545035490831
0.16304972248461855
0.0
0.05559753998293728
0.6226924493650106
0.0476289546244202
0.14288686440870207
0.047628954981381186
0.07491363338933803
0.02223901599317491
0.06885772638114174
0.0
0.1872840823385931
0.4068736826865158
0.06885772699841736
0.09525791031972335
0.028014208065599688
0.1905158212910743
0.0
0.30594469319709716
0.9126485618898069
0.23298364937683536
0.14288688100738367
0.11249252595836845
0.07491364677940765
0.0
0.05559754033659931
0.5809263791271189
0.5822159993847259
0.5549772539490536
0.3034823018375549
0.4439767560185827
1.3336022489711152
1.427059464820228
1.3222646519137957
0.8429842653085474
0.5042551163832014
0.0
0.3032671401019077
0.46048921573522794
0.3138192180521403
0.19051574182081515
0.0
0.44363287338640744
0.21752236945954198
0.2593796324977897
0.6078227917848269
0.7169629175835468
0.5252145869106266
0.0
0.0700354561592251
0.46154602251790333
0.4762894216258909
0.0
0.4473916223853897
0.29230029092273413
0.0
0.0
0.2447556720375999
0.159643956007354
0.8047638085303561
0.1699342743039308
0.022239016134639723
0.0
0.07003548412959833
0.2300465609421974
0.0
0.33629301957814395
0.22239016049760835
0.5140443051007786
0.04447803198634982
0.0
0.07003547171093195
0.23814471558905853
0.04762894271259515
0.0
0.0
1.154792711869533
0.6675631599474141
0.0
0.40687336935583396
0.3841554098847173
0.0
0.30594461036141724
0.643333860261699
0.9457083839116432
0.44516007012909276
0.17745318947478875
0.0
0.3059445552060041
1.1735574657352936
0.6798400451237671
0.267411392398815
0.21752240915855495
0.19725173011684044
0.14982720565782173
0.11629801921228049
0.11249251832599474
0.0
0.2564806105549921
0.23814471438255955
0.9517214655783846
0.5127198685510042
0.4563240893631386
0.5814901485630579
0.0
0.04258971091199385
0.7215816594450494
0.3843713547837634
0.2114332640633248
0.16384783300005473
0.09525790217943161
0.0476289515010111
0.017035894095221375
0.0
0.32603578420885426
0.9862588957119032
0.4826451197014997
0.04762894659279504
0.044478032127814635
0.0
0.2101064511682894
0.3020748731141443
0.4826450847978113
0.45286317482043525
0.7029678081562086
0.6809482770554967
0.0
0.33358524060494776
0.4079702062230818
0.6609032931860839
0.6349332129912499
0.19891680496888225
0.0
0.16384781335230542
0.0
0.17214429573706783
0.4058337353917841
0.0
0.1393413511848868
0.22498503761781738
0.3416529480271171
0.29358979295120013
0.2908162975211536
0.31135797225031425
0.9244683417723593
0.38437123535613854
0.3422487999240552
0.2478139386757509
0.3921987573808518
0.41944252897843803
0.18939981440755632
0.01703588842229476
0.09525789907544988
0.09525789836152757
0.0
0.2381447459038189
0.40797032167385117
0.8262926993334142
0.1873949110258421
0.6072467663302299
0.0
0.39839525474454174
0.31134622461177286
1.0328658281850687
0.655391269491979
0.0
0.0
0.22304170992483777
0.0
0.2812312963817476
0.44510645331630333
0.044478032127814635
0.159358093820991
0.0749136066389803
0.0
0.0
0.4006646273934094
0.18870964830938938
0.07491361114818941
0.14982722414178665
0.028014193955287082
0.09525789318559008
0.18114527342482306
0.11249251950860321
0.13771544026140736
0.0
0.4931293858964531
0.3603515974752031
0.14288684404249188
0.16993428275224093
0.044478032127814635
0.02801419820355484
0.06885772283076601
0.0
0.22643159636733368
0.5887649767144969
0.5708039909081195
0.3356830380645038
0.1811452756322992
0.07491361568720097
0.16993427950645817
0.0
0.1111950803195366
0.9659405772111928
0.9465390738173974
0.46481104259764416
1.2106549135697857
0.6507938777427669
0.13550348961191433
0.044478032127814635
0.0
0.30515548596348874
0.3287985265378207
0.49154359678849546
0.43104144159990837
0.02801422054636008
0.047628962345453094
0.0
0.17214433033853785
0.5570184359011868
0.30207531705721313
0.14288689838978924
0.0
0.17214433678589725
0.2175225502454757
1.177444407820233
0.34705116448837814
0.2935898184435224
2.6519646627649696
1.1216460831300434
0.46939656488129866
0.1162980415794499
0.19051582320798516
0.0
0.2907450988592872
0.2008748431918173
0.43279023557206403
0.5553219689528733
1.5169528080907875
1.1842614001116467
0.31022309684655847
0.0170358903527516
0.0
0.3059446447460484
0.31660827093791605
0.49044329263758807
0.0
0.22643160220717168
0.4307852238757318
0.5866376823489053
0.22474086673513746
0.0
0.13934148001327973
0.17726004828140182
0.4768309355553514
0.07491362343332142
0.0
0.23814475410997496
0.32724751438732025
0.31887103557924323
1.3892586504775282
0.24214590151882526
0.0
0.2381447309074987
0.20443055761902346
0.1905157843221615
0.0
0.0700354809965649
0.5339826416052378
0.5127198443775092
0.28481127519153066
0.04762894601448732
0.0406873255931188
0.19725175106675957
0.04762894521132445
0.19725175227176492
0.02801419278091834
0.1905157828015675
0.1124925194316558
0.1428868337564178
0.13771543825629992
0.0
0.33358524060494776
0.5230326667956081
0.27418464332580805
0.0
0.16679262030247388
1.0287834449155384
1.4081232275976003
0.2721475813269725
0.590383584116033
0.028014200822281832
0.02223901599317491
0.0
0.2034367365535545
1.1202717326724163
0.6799407313847196
0.5981971396717686
1.268016895808865
0.7116485136206399
0.44510645336217214
0.9685833080992821
0.24475563215490323
0.8240494599653942
0.9176881929846239
1.284372316153595
0.11249251602116703
0.06885771411356043
0.0
0.04258963340364341
1.1986174925871906
0.0
0.14007092066433727
1.0525052640095969
0.310222839469824
0.20015114450443344
0.0
0.11907235745079045
0.23866401304485593
0.29965442306225143
0.09525788841298723
0.028014189291268497
0.0
0.389182780587885
0.3442885999444304
0.0
0.06885772040977813
0.19051578623907395
0.10259226286560905
0.0
0.4248356797569103
0.21752243198807553
0.0
0.29812783121505615
1.1057072635398453
0.0
0.37456809729648827
0.41036907672446343
0.09536616557403164
0.06885772181330083
0.11629802754515048
0.0
0.4931294032553969
0.4956278570610791
0.12206200007985575
0.0
0.16937914481381677
0.2114332545536374
0.10259226264967128
0.022239016134639723
0.0
0.46276827281847455
0.2381447265621104
0.45637428550699577
0.6946516924740498
0.5409870208684122
0.4228664544696047
0.1345172059902971
0.047628941059894334
0.0
0.4096195158703936
0.8194354772534842
0.40278538210418047
0.9790225860072244
0.31181195041342524
0.32549840807283303
0.10221517701415764
0.02801418280698742
0.14288682155392912
0.09057263412519048
0.04762894114913468
0.02801418424495561
0.0
0.08517932094097541
0.5866373373303704
0.5823408264045595
0.0952578750503722
0.0
0.45286316068910487
0.33340255529623397
0.5098026631487553
0.5981970612876806
0.8402937244149709
0.3594758353823889
0.5220844702534725
0.0
0.28123127748970955
0.49712067514059655
0.2717178743630225
0.0
0.33629300028284015
1.544913946787139
1.9987032490909065
2.241739563670666
0.776706541439952
0.2992222167266489
0.7141206913293464
1.3743286795316427
0.5026007294400824
0.20743690403584653
0.09057264243334731
0.0
0.11907239270070241
0.4228665737523916
0.5917554130680754
0.27171792073871576
0.0
0.4931294732870537
1.0214224935999998
1.0334379484476726
1.5323606791569482
1.6254917998092793
2.7807778711962756
3.4519256125301503
1.9879394601046276
1.4210073520283069
0.0
0.398395090745607
0.21143307006210255
1.3336967701622906
3.072164806405859
0.9662469149149244
0.022239016134639723
0.044478032127814635
0.044478032127814635
0.0
0.1111950803195366
1.0846136331204144
1.6245670458493422
1.6342322592564673
0.8496710715916764
0.11911174204439662
0.3132049811236782
0.07491363906309723
0.044478032127814635
0.0
0.30594469710443867
0.2651253078957191
0.4852057883399657
0.14982725934413782
0.11629803545037816
0.12237786428173006
0.0
0.23814475973606228
0.327247507949982
1.8510731128368327
1.6214716758140575
0.8573208368859516
0.43399582466421577
0.4212414191758117
0.313819029354489
0.0
0.07003542136231103
0.7294988097380585
0.4762407664554413
0.2348627142865618
0.32459177972570924
0.13041416233734449
0.11629799072426583
0.0
0.35721693714437386
1.7131667273562794
1.193471536820191
0.7002096324023184
2.96559852701145
1.6460398527989313
0.8121217573977612
0.40926447249207476
0.447006541170411
0.23814464553534878
0.0
0.40961944683892737
0.36418414337463034
0.028014163801624102
0.044478032127814635
0.02223901599317491
0.0
0.17214427197192086
0.7546274996890486
1.3344497085134381
0.4563234015934369
1.4955383196820302
0.788964057467532
0.0
0.017035828227582837
0.0
0.2264315680714147
3.1890071684877674
1.2232645137731923
0.3752755523821542
0.0
0.39576026651377516
0.4347287874140512
1.4464392278153528
1.8254870240053376
1.308296492741166
1.0931617152756483
0.8504347394667379
0.1249439496690193
2.6579648792212933
2.519514665423277
1.5693989015798158
0.35623184134802777
0.028014226918748247
0.0
0.35840420437595427
0.40606094397938775
0.0
0.443633364199534
0.8792162553221038
1.2530623871456632
0.4494818048336759
0.21504214060968793
0.11249252341691632
0.017035902512621926
0.0
0.042589756281554814
0.8192391924776083
0.4419940431377488
0.6521822510037512
0.3501064682744374
0.12206198879758341
0.0
0.4096195578952745
1.4957759011501646
2.3396123297443157
0.7563825578987217
0.3549062525168166
0.2325960043922372
1.4535172262073257
0.29358978590616464
0.23259602632085957
1.2090608471664317
0.5147533363874722
1.0611494616671808
0.18623126483588529
0.044478032127814635
0.17745323836905036
0.16993428310820752
0.0
0.07200190591112857
1.4143961026779492
0.9684911628101884
0.5686207779761638
0.4228666488836451
0.7878927747354496
0.08137481031410354
0.0
0.17214433045882707
0.2175225243152404
0.0
0.11907240530149613
0.97041194276326
0.9511080645307756
0.1162980616158111
0.028014230599957807
0.0
0.10171857613455661
0.24475583846259244
1.0123907563250403
1.8905384528632951
1.4982726964853363
1.2781814904885824
1.4542388885099249
1.12235499316502
0.0
0.4902481790822397
1.2323618154805436
0.6014193295874459
1.3149320192757457
0.27171791871031864
0.46223152388318456
1.379875993179076
0.9041156440389306
0.523918580944042
0.0
0.2907451295319673
0.6765564642107641
1.2717383336301116
0.981587747611254
0.5046909509595886
1.182811509303294
0.6668052440965379
0.6723407197046534
0.11629802973801043
0.028014197636507948
0.0
0.028014197636507948
0.0
0.21010648444898056
1.3484452594640546
0.7749035770444322
0.06885772810951336
0.0
0.07003552936597593
0.5981972114770461
1.898238390296791
0.5404905724836311
0.30139426680818576
0.2395368170880896
0.1638478148883427
0.017035871640385232
0.0688577188503757
0.1638478155887574
0.0952578891039735
0.1638478165218425
0.13041426779444723
0.0749136058273611
0.09057263562874242
0.0
0.3745680376594059
0.23814472183588187
0.6004534332303708
0.5019852483291652
0.8674889186547032
0.2996544857006099
0.11629803151149573
0.10259227628900422
0.06671704812098955
0.02223901627610454
0.09525789825285927
0.028014197675930202
0.06885772244678875
0.09525789802800426
0.04068734097668729
0.09525789907544988
0.0
0.35721712416157547
0.26512527557572885
1.0290347553453358
0.9199341195357486
0.44397678835731635
0.6433342871905781
0.0952579249551184
0.12237790116702833
0.0
0.21010666461979435
0.2381448186615537
2.1099580161628073
0.006112547933834294
0.9175748094570222
0.6103126580690743
1.2385254551478737
0.858422677460287
0.0
0.27049465686050145
0.8783287916483655
0.0
0.0
0.44176231491935847
2.1249323497850323
0.22498506254533973
1.612308575815467
0.7240181059719013
0.5624626712885712
0.0
0.340719532491466
0.7346780277455844
0.0
0.35840515311661536
2.1609718820503128
2.596371392898877
2.2979166243196874
2.0246899395281086
0.8688261295018178
0.9888331083249359
0.6307258115117074
1.663970913319241
0.33989435214718255
1.8643171116240498
0.4380776263011996
0.0
0.3051571657566871
1.4650140704174686
0.32278810669475905
1.231619963773775
1.7404264506194553
0.33989524840936913
0.3132050226971566
0.2801327387256999
0.23259631399312952
0.23259631678992743
2.1329850103817316
2.460227615414495
1.672982394472155
4.353112381802832
3.0914779970190844
0.8955309769272255
0.7449261983719456
1.123083326378906
0.0
0.07003560077563577
0.23298379955652915
0.0
0.16679262030247388
0.7189517800758864
0.7131587068340373
0.0
0.5129618752666144
0.687897371337281
1.49255126713329
0.5289373384067353
0.022239016134639723
0.09525796176841796
0.1223779631877611
0.05602850174265397
0.0
0.2812313364045308
0.2539429579371357
0.0
0.10171872865338479
1.098757437999884
1.3659536866589375
0.9074706128376834
1.315182496904116
0.9209787642127145
0.5523599856694517
0.7873820322311232
2.196987091217746
1.2366905885873396
1.1243449038498647
1.0523177524602818
0.6876195612524112
0.42488744137775764
0.9067523023960431
0.0
0.30594492529288764
0.6520724255495857
2.195512606138165
2.388702884415854
1.0175438999335382
0.6594249867043488
0.7169882041990012
0.9791097158864428
0.781801889003437
0.3745683596572249
0.2911080079445864
0.5420145184539367
0.2882793687459193
0.06671704812098955
0.0
0.35721729856755596
0.500464660294188
0.0
0.3745684171592461
0.2923005263610285
0.10667116258969804
1.616076853547894
0.4468469551320638
0.7302925627699377
0.3651462307523127
0.3747887749047386
0.1638478606840777
0.10259232119055346
0.0
0.10171848511269714
1.4945114731782068
1.3883406459830663
1.3802572192589297
0.8512418480745554
0.6169131139225448
0.4258992405876344
0.24632327308564056
0.14288693870287805
0.0952579592696968
0.04762897943318129
0.14288693694151305
0.1851073840732447
0.0
0.27798770062201045
0.7359080883564879
1.0242705929014362
0.2114333370769806
0.028014233291133322
0.137715474428645
0.02223901599317491
0.09057264975231145
0.19051588496218586
0.0
0.28014235936543347
0.2590347891295687
0.3066447797312037
0.19260145592732325
0.0
0.3572172654327775
0.2175225547910195
0.11629805956088143
0.0
0.17214433755749106
0.5340081946828129
0.0
0.3501778019683167
0.38745186953417626
1.1512697875582527
0.8555633385055378
0.7452687642061959
0.4810207870645879
0.54429516654315
0.1772601589188544
0.0
0.18728408687760087
1.0244190316927642
1.2118754338813607
0.4940418603981026
0.2721476583036647
0.0
0.5172545800964627
0.38745184105784763
0.34705114663190695
0.047628961538783036
0.0
0.35721721250940913
1.0468315574849654
1.1081298182462742
0.3196205239316604
0.5562363438301141
1.1166717913654771
0.5492171760506647
0.4460834295037233
0.1638478744227319
0.0
0.14007113611203734
0.21752254861022444
0.5762545100469526
0.028014231773899063
0.017035942996719074
0.07491366995812569
0.0
0.28123132363930364
0.4065107735427615
0.16384788386063906
0.01703594723816611
0.028014234617222016
0.02223901599317491
0.0749136744673252
0.022239016134639723
0.09525794191074695
0.0
0.4248359505643591
0.4719646545217445
0.33340277315516476
0.16721016465496477
0.23129823044815329
0.36392246359074576
0.596373946748831
0.02801423131872875
0.02801423116700531
0.0
0.29074515292244035
0.7388535666286621
0.3995510896569515
0.35010735795543135
0.0
0.29074514086172903
0.38415544365947674
0.8130210321555715
0.23866462748975822
0.0406873965297933
0.1699343379790313
0.14982729540421935
0.0
0.05559753998293728
0.2175225144150096
0.0
0.11119508067319862
0.7278442726496233
1.8873607680978726
1.1468920746492297
1.1416987240220537
1.1462354185682069
1.3151802544962545
0.7942252095379895
0.2034366170014094
0.21752243296508333
0.0
0.5354528706407634
0.21752244113948155
0.23814474026225224
0.08404259165503244
0.0
0.16937916375798504
0.2447557085548377
0.8657321209019045
2.0423691245763234
1.121849485194792
1.4117526984042363
1.3932988959540529
1.3128680765700067
0.9622773832795641
0.017035943994706752
0.11629806321564193
0.18510736492483942
0.15935812498803764
0.0
0.04258987246160967
0.3724629578642308
1.744329469190091
0.8116698989230026
0.056028446211898786
0.044478032127814635
0.16993435211540844
0.02223901599317491
0.16993435238600943
0.0
0.1721443325787619
0.5098030690753823
1.2784820260792138
0.9662487241517027
0.14336185062640114
0.06885773960704136
0.10259237484975245
0.0
0.40961972774560085
0.22498506214489472
0.2806214653322598
0.0688577381548875
0.07491367582902526
0.19725191017179156
0.0
0.3793537211335656
0.294383429221602
0.1223779327908022
0.017035950232127825
0.0
0.28014235936543347
0.5139116753687842
2.0045312782907905
2.7403383151136143
1.7106898770306682
0.9388716180775724
0.5626251656030145
0.2975506327565066
0.9823089435162362
2.215119526382959
2.5171098335585937
1.024855781499244
0.40797053771073355
0.6460867883053122
0.587970915782664
0.273291806760538
0.17872590335828273
0.044478032127814635
0.02801422782908916
0.022239016134639723
0.0
0.1872841612038061
0.3752756853091308
0.2800316556995587
0.44949887970732155
0.26512538279368125
0.23259611563238894
0.0
0.35721724234627494
0.6505322182528639
1.0846141801389952
1.196473403184311
0.0
0.2381447701146282
0.24765834468417566
0.23298359305938515
1.6406885071034476
1.3855381922677503
0.0
0.10171855301505958
0.504691237972571
0.0
0.10171853225920953
0.2114333191507042
0.0
0.4248358995396726
0.3029647774624936
0.5187619569837126
0.43807656800674605
0.028014224603898248
0.10460688430210283
0.0
0.37935334115845465
0.22474097907554702
0.1982124884602041
